2.19 2.92 2.93 2.94 2.91 2.83 2.67 2.44 2.18 1.91 1.66 1.43 1.22 1.04 0.88 0.74 0.62 0.52 0.43 0.36 0.30 0.25 0.21 0.18 0.15 0.13 0.11 0.10 0.09 0.09 0.08 0.06
2.92 2.92 2.93 2.94 2.91 2.83 2.67 2.44 2.18 1.91 1.66 1.43 1.22 1.04 0.88 0.74 0.62 0.52 0.43 0.36 0.30 0.25 0.21 0.18 0.15 0.13 0.11 0.10 0.09 0.09 0.08 0.08
2.93 2.93 2.95 2.98 2.99 2.93 2.75 2.49 2.20 1.92 1.66 1.42 1.21 1.03 0.87 0.73 0.62 0.52 0.43 0.36 0.30 0.25 0.21 0.18 0.16 0.13 0.12 0.10 0.09 0.09 0.09 0.09
2.94 2.94 2.98 3.07 3.16 3.17 2.92 2.58 2.24 1.93 1.65 1.41 1.20 1.02 0.86 0.73 0.61 0.51 0.43 0.36 0.31 0.26 0.22 0.19 0.16 0.14 0.12 0.11 0.10 0.09 0.09 0.09
2.91 2.91 2.99 3.16 3.42 3.69 3.19 2.68 2.26 1.92 1.63 1.39 1.18 1.00 0.85 0.71 0.60 0.51 0.43 0.37 0.31 0.26 0.23 0.19 0.17 0.15 0.13 0.12 0.11 0.10 0.10 0.10
2.83 2.83 2.93 3.17 3.69 5.00 3.46 2.71 2.23 1.87 1.58 1.34 1.14 0.97 0.82 0.70 0.60 0.51 0.43 0.37 0.32 0.27 0.23 0.20 0.18 0.16 0.14 0.13 0.12 0.11 0.11 0.11
2.67 2.67 2.75 2.92 3.19 3.46 2.97 2.49 2.09 1.77 1.50 1.28 1.09 0.93 0.80 0.68 0.59 0.50 0.43 0.37 0.33 0.28 0.25 0.22 0.19 0.17 0.16 0.14 0.13 0.13 0.12 0.12
2.44 2.44 2.49 2.58 2.68 2.71 2.49 2.18 1.89 1.63 1.40 1.20 1.04 0.89 0.77 0.66 0.58 0.50 0.44 0.38 0.34 0.30 0.26 0.24 0.21 0.19 0.17 0.16 0.15 0.14 0.14 0.14
2.18 2.18 2.20 2.24 2.26 2.23 2.09 1.89 1.68 1.47 1.28 1.12 0.97 0.85 0.74 0.65 0.57 0.50 0.45 0.40 0.36 0.32 0.29 0.26 0.23 0.21 0.20 0.18 0.17 0.16 0.16 0.16
1.91 1.91 1.92 1.93 1.92 1.87 1.77 1.63 1.47 1.31 1.16 1.02 0.90 0.80 0.71 0.63 0.56 0.51 0.46 0.42 0.38 0.35 0.32 0.29 0.26 0.24 0.22 0.21 0.19 0.19 0.18 0.18
1.66 1.66 1.66 1.65 1.63 1.58 1.50 1.40 1.28 1.16 1.04 0.94 0.84 0.75 0.68 0.62 0.56 0.52 0.48 0.44 0.41 0.38 0.35 0.32 0.30 0.27 0.25 0.23 0.22 0.21 0.21 0.21
1.43 1.43 1.42 1.41 1.39 1.34 1.28 1.20 1.12 1.02 0.94 0.85 0.78 0.71 0.65 0.61 0.57 0.53 0.51 0.48 0.45 0.42 0.39 0.37 0.34 0.31 0.29 0.27 0.25 0.24 0.23 0.23
1.22 1.22 1.21 1.20 1.18 1.14 1.09 1.04 0.97 0.90 0.84 0.78 0.72 0.68 0.64 0.61 0.58 0.56 0.54 0.52 0.50 0.48 0.45 0.42 0.39 0.35 0.33 0.30 0.28 0.27 0.27 0.27
1.04 1.04 1.03 1.02 1.00 0.97 0.93 0.89 0.85 0.80 0.75 0.71 0.68 0.65 0.63 0.61 0.61 0.60 0.59 0.58 0.57 0.54 0.51 0.48 0.44 0.40 0.37 0.34 0.32 0.31 0.30 0.30
0.88 0.88 0.87 0.86 0.85 0.82 0.80 0.77 0.74 0.71 0.68 0.65 0.64 0.63 0.62 0.63 0.64 0.65 0.66 0.66 0.65 0.63 0.59 0.55 0.50 0.46 0.42 0.38 0.36 0.34 0.33 0.33
0.74 0.74 0.73 0.73 0.71 0.70 0.68 0.66 0.65 0.63 0.62 0.61 0.61 0.61 0.63 0.65 0.68 0.72 0.74 0.76 0.76 0.74 0.69 0.64 0.58 0.52 0.47 0.43 0.40 0.37 0.36 0.36
0.62 0.62 0.62 0.61 0.60 0.60 0.59 0.58 0.57 0.56 0.56 0.57 0.58 0.61 0.64 0.68 0.74 0.79 0.85 0.89 0.91 0.87 0.81 0.73 0.66 0.58 0.52 0.47 0.43 0.41 0.39 0.39
0.52 0.52 0.52 0.51 0.51 0.51 0.50 0.50 0.50 0.51 0.52 0.53 0.56 0.60 0.65 0.72 0.79 0.89 0.98 1.07 1.10 1.05 0.95 0.84 0.74 0.64 0.57 0.51 0.46 0.43 0.42 0.42
0.43 0.43 0.43 0.43 0.43 0.43 0.43 0.44 0.45 0.46 0.48 0.51 0.54 0.59 0.66 0.74 0.85 0.98 1.14 1.29 1.39 1.28 1.12 0.95 0.81 0.70 0.61 0.54 0.49 0.46 0.44 0.44
0.36 0.36 0.36 0.36 0.37 0.37 0.37 0.38 0.40 0.42 0.44 0.48 0.52 0.58 0.66 0.76 0.89 1.07 1.29 1.59 1.89 1.58 1.28 1.05 0.87 0.74 0.64 0.56 0.51 0.47 0.46 0.46
0.30 0.30 0.30 0.31 0.31 0.32 0.33 0.34 0.36 0.38 0.41 0.45 0.50 0.57 0.65 0.76 0.91 1.10 1.39 1.89 3.00 1.89 1.38 1.09 0.90 0.76 0.65 0.57 0.52 0.48 0.46 0.46
0.25 0.25 0.25 0.26 0.26 0.27 0.28 0.30 0.32 0.35 0.38 0.42 0.48 0.54 0.63 0.74 0.87 1.05 1.28 1.58 1.89 1.58 1.28 1.05 0.88 0.74 0.64 0.57 0.52 0.48 0.46 0.46
0.21 0.21 0.21 0.22 0.23 0.23 0.25 0.26 0.29 0.32 0.35 0.39 0.45 0.51 0.59 0.69 0.81 0.95 1.12 1.28 1.38 1.28 1.12 0.96 0.82 0.71 0.62 0.55 0.51 0.47 0.46 0.46
0.18 0.18 0.18 0.19 0.19 0.20 0.22 0.24 0.26 0.29 0.32 0.37 0.42 0.48 0.55 0.64 0.73 0.84 0.95 1.05 1.09 1.05 0.96 0.85 0.75 0.66 0.59 0.53 0.49 0.46 0.44 0.44
0.15 0.15 0.16 0.16 0.17 0.18 0.19 0.21 0.23 0.26 0.30 0.34 0.39 0.44 0.50 0.58 0.66 0.74 0.81 0.87 0.90 0.88 0.82 0.75 0.68 0.61 0.55 0.50 0.46 0.44 0.43 0.43
0.13 0.13 0.13 0.14 0.15 0.16 0.17 0.19 0.21 0.24 0.27 0.31 0.35 0.40 0.46 0.52 0.58 0.64 0.70 0.74 0.76 0.74 0.71 0.66 0.61 0.56 0.51 0.47 0.44 0.42 0.41 0.41
0.11 0.11 0.12 0.12 0.13 0.14 0.16 0.17 0.20 0.22 0.25 0.29 0.33 0.37 0.42 0.47 0.52 0.57 0.61 0.64 0.65 0.64 0.62 0.59 0.55 0.51 0.47 0.44 0.42 0.40 0.39 0.39
0.10 0.10 0.10 0.11 0.12 0.13 0.14 0.16 0.18 0.21 0.23 0.27 0.30 0.34 0.38 0.43 0.47 0.51 0.54 0.56 0.57 0.57 0.55 0.53 0.50 0.47 0.44 0.41 0.39 0.38 0.37 0.37
0.09 0.09 0.09 0.10 0.11 0.12 0.13 0.15 0.17 0.19 0.22 0.25 0.28 0.32 0.36 0.40 0.43 0.46 0.49 0.51 0.52 0.52 0.51 0.49 0.46 0.44 0.42 0.39 0.38 0.36 0.36 0.36
0.09 0.09 0.09 0.09 0.10 0.11 0.13 0.14 0.16 0.19 0.21 0.24 0.27 0.31 0.34 0.37 0.41 0.43 0.46 0.47 0.48 0.48 0.47 0.46 0.44 0.42 0.40 0.38 0.36 0.35 0.35 0.35
0.08 0.08 0.09 0.09 0.10 0.11 0.12 0.14 0.16 0.18 0.21 0.23 0.27 0.30 0.33 0.36 0.39 0.42 0.44 0.46 0.46 0.46 0.46 0.44 0.43 0.41 0.39 0.37 0.36 0.35 0.34 0.34
0.06 0.08 0.09 0.09 0.10 0.11 0.12 0.14 0.16 0.18 0.21 0.23 0.27 0.30 0.33 0.36 0.39 0.42 0.44 0.46 0.46 0.46 0.46 0.44 0.43 0.41 0.39 0.37 0.36 0.35 0.34 0.26
