0.00 2.92 2.93 2.94 2.91 2.83 2.67 2.44 2.18 1.91 1.66 1.43 1.22 1.03 0.87 0.73 0.61 0.51 0.43 0.35 0.29 0.24 0.20 0.16 0.13 0.10 0.08 0.06 0.04 0.02 0.00 0.00
2.92 2.92 2.93 2.94 2.91 2.83 2.67 2.44 2.18 1.91 1.66 1.43 1.22 1.03 0.87 0.73 0.61 0.51 0.43 0.35 0.29 0.24 0.20 0.16 0.13 0.10 0.08 0.06 0.04 0.02 0.00 0.00
2.93 2.93 2.95 2.98 2.99 2.93 2.75 2.49 2.20 1.92 1.66 1.42 1.21 1.03 0.87 0.73 0.61 0.51 0.43 0.35 0.29 0.24 0.20 0.16 0.13 0.10 0.08 0.06 0.04 0.02 0.00 0.00
2.94 2.94 2.98 3.07 3.16 3.17 2.92 2.58 2.24 1.93 1.65 1.41 1.20 1.02 0.86 0.72 0.61 0.51 0.43 0.36 0.30 0.25 0.20 0.17 0.13 0.11 0.08 0.06 0.04 0.02 0.00 0.00
2.91 2.91 2.99 3.16 3.42 3.69 3.19 2.68 2.26 1.92 1.63 1.39 1.18 1.00 0.84 0.71 0.60 0.51 0.42 0.36 0.30 0.25 0.21 0.17 0.14 0.11 0.09 0.06 0.04 0.02 0.00 0.00
2.83 2.83 2.93 3.17 3.69 5.00 3.46 2.71 2.23 1.87 1.58 1.34 1.14 0.97 0.82 0.70 0.59 0.50 0.42 0.36 0.30 0.26 0.21 0.18 0.15 0.12 0.09 0.07 0.04 0.02 0.00 0.00
2.67 2.67 2.75 2.92 3.19 3.46 2.97 2.49 2.09 1.77 1.50 1.28 1.09 0.93 0.80 0.68 0.58 0.50 0.43 0.36 0.31 0.27 0.22 0.19 0.16 0.13 0.10 0.07 0.05 0.02 0.00 0.00
2.44 2.44 2.49 2.58 2.68 2.71 2.49 2.18 1.89 1.63 1.40 1.20 1.03 0.89 0.77 0.66 0.57 0.49 0.43 0.37 0.32 0.28 0.24 0.20 0.17 0.14 0.11 0.08 0.05 0.03 0.00 0.00
2.18 2.18 2.20 2.24 2.26 2.23 2.09 1.89 1.67 1.47 1.28 1.11 0.97 0.84 0.73 0.64 0.56 0.49 0.43 0.38 0.34 0.30 0.26 0.22 0.19 0.15 0.12 0.09 0.06 0.03 0.00 0.00
1.91 1.91 1.92 1.93 1.92 1.87 1.77 1.63 1.47 1.31 1.16 1.02 0.90 0.79 0.70 0.62 0.56 0.50 0.45 0.40 0.36 0.32 0.28 0.24 0.21 0.17 0.14 0.10 0.07 0.03 0.00 0.00
1.66 1.66 1.66 1.65 1.63 1.58 1.50 1.40 1.28 1.16 1.04 0.93 0.83 0.75 0.67 0.61 0.55 0.51 0.46 0.42 0.39 0.35 0.31 0.27 0.23 0.20 0.16 0.12 0.08 0.04 0.00 0.00
1.43 1.43 1.42 1.41 1.39 1.34 1.28 1.20 1.11 1.02 0.93 0.85 0.77 0.71 0.65 0.60 0.56 0.52 0.49 0.46 0.42 0.39 0.35 0.31 0.27 0.22 0.18 0.13 0.09 0.04 0.00 0.00
1.22 1.22 1.21 1.20 1.18 1.14 1.09 1.03 0.97 0.90 0.83 0.77 0.72 0.67 0.63 0.60 0.57 0.55 0.53 0.50 0.47 0.44 0.40 0.35 0.31 0.26 0.21 0.15 0.10 0.05 0.00 0.00
1.03 1.03 1.03 1.02 1.00 0.97 0.93 0.89 0.84 0.79 0.75 0.71 0.67 0.64 0.62 0.60 0.59 0.58 0.57 0.56 0.54 0.50 0.46 0.41 0.35 0.30 0.24 0.18 0.12 0.06 0.00 0.00
0.87 0.87 0.87 0.86 0.84 0.82 0.80 0.77 0.73 0.70 0.67 0.65 0.63 0.62 0.62 0.62 0.62 0.63 0.64 0.63 0.62 0.58 0.54 0.48 0.41 0.34 0.27 0.20 0.13 0.07 0.00 0.00
0.73 0.73 0.73 0.72 0.71 0.70 0.68 0.66 0.64 0.62 0.61 0.60 0.60 0.60 0.62 0.64 0.67 0.70 0.72 0.73 0.72 0.69 0.63 0.55 0.47 0.39 0.31 0.23 0.15 0.07 0.00 0.00
0.61 0.61 0.61 0.61 0.60 0.59 0.58 0.57 0.56 0.56 0.55 0.56 0.57 0.59 0.62 0.67 0.72 0.77 0.82 0.86 0.86 0.82 0.74 0.65 0.54 0.44 0.35 0.25 0.17 0.08 0.00 0.00
0.51 0.51 0.51 0.51 0.51 0.50 0.50 0.49 0.49 0.50 0.51 0.52 0.55 0.58 0.63 0.70 0.77 0.86 0.95 1.03 1.06 1.00 0.88 0.75 0.62 0.49 0.38 0.28 0.18 0.09 0.00 0.00
0.43 0.43 0.43 0.43 0.42 0.42 0.43 0.43 0.43 0.45 0.46 0.49 0.53 0.57 0.64 0.72 0.82 0.95 1.11 1.26 1.35 1.23 1.04 0.85 0.69 0.54 0.41 0.30 0.19 0.10 0.00 0.00
0.35 0.35 0.35 0.36 0.36 0.36 0.36 0.37 0.38 0.40 0.42 0.46 0.50 0.56 0.63 0.73 0.86 1.03 1.26 1.56 1.86 1.53 1.20 0.94 0.74 0.57 0.43 0.31 0.20 0.10 0.00 0.00
0.29 0.29 0.29 0.30 0.30 0.30 0.31 0.32 0.34 0.36 0.39 0.42 0.47 0.54 0.62 0.72 0.86 1.06 1.35 1.86 3.00 1.83 1.30 0.98 0.75 0.58 0.44 0.31 0.20 0.10 0.00 0.00
0.24 0.24 0.24 0.25 0.25 0.26 0.27 0.28 0.30 0.32 0.35 0.39 0.44 0.50 0.58 0.69 0.82 1.00 1.23 1.53 1.83 1.51 1.18 0.92 0.72 0.56 0.42 0.30 0.20 0.10 0.00 0.00
0.20 0.20 0.20 0.20 0.21 0.21 0.22 0.24 0.26 0.28 0.31 0.35 0.40 0.46 0.54 0.63 0.74 0.88 1.04 1.20 1.30 1.18 1.00 0.82 0.66 0.52 0.39 0.28 0.18 0.09 0.00 0.00
0.16 0.16 0.16 0.17 0.17 0.18 0.19 0.20 0.22 0.24 0.27 0.31 0.35 0.41 0.48 0.55 0.65 0.75 0.85 0.94 0.98 0.92 0.82 0.69 0.57 0.46 0.35 0.26 0.17 0.08 0.00 0.00
0.13 0.13 0.13 0.13 0.14 0.15 0.16 0.17 0.19 0.21 0.23 0.27 0.31 0.35 0.41 0.47 0.54 0.62 0.69 0.74 0.75 0.72 0.66 0.57 0.48 0.39 0.30 0.22 0.15 0.07 0.00 0.00
0.10 0.10 0.10 0.11 0.11 0.12 0.13 0.14 0.15 0.17 0.20 0.22 0.26 0.30 0.34 0.39 0.44 0.49 0.54 0.57 0.58 0.56 0.52 0.46 0.39 0.32 0.25 0.19 0.12 0.06 0.00 0.00
0.08 0.08 0.08 0.08 0.09 0.09 0.10 0.11 0.12 0.14 0.16 0.18 0.21 0.24 0.27 0.31 0.35 0.38 0.41 0.43 0.44 0.42 0.39 0.35 0.30 0.25 0.20 0.15 0.10 0.05 0.00 0.00
0.06 0.06 0.06 0.06 0.06 0.07 0.07 0.08 0.09 0.10 0.12 0.13 0.15 0.18 0.20 0.23 0.25 0.28 0.30 0.31 0.31 0.30 0.28 0.26 0.22 0.19 0.15 0.11 0.07 0.04 0.00 0.00
0.04 0.04 0.04 0.04 0.04 0.04 0.05 0.05 0.06 0.07 0.08 0.09 0.10 0.12 0.13 0.15 0.17 0.18 0.19 0.20 0.20 0.20 0.18 0.17 0.15 0.12 0.10 0.07 0.05 0.02 0.00 0.00
0.02 0.02 0.02 0.02 0.02 0.02 0.02 0.03 0.03 0.03 0.04 0.04 0.05 0.06 0.07 0.07 0.08 0.09 0.10 0.10 0.10 0.10 0.09 0.08 0.07 0.06 0.05 0.04 0.02 0.01 0.00 0.00
0.00 0.00 0.00 0.00 0.00 0.00 0.00 0.00 0.00 0.00 0.00 0.00 0.00 0.00 0.00 0.00 0.00 0.00 0.00 0.00 0.00 0.00 0.00 0.00 0.00 0.00 0.00 0.00 0.00 0.00 0.00 0.00
0.00 0.00 0.00 0.00 0.00 0.00 0.00 0.00 0.00 0.00 0.00 0.00 0.00 0.00 0.00 0.00 0.00 0.00 0.00 0.00 0.00 0.00 0.00 0.00 0.00 0.00 0.00 0.00 0.00 0.00 0.00 0.00
