
 Prima:
0 0 0 0 0 0 0 0 0 0 0 0 0 0 0 0 0
0 0 0 0 0 0 0 0 0 0 0 0 0 0 0 0 0
0 0 0 0 0 0 0 0 0 0 0 0 0 0 0 0 0
0 0 0 0 0 0 0 0 0 0 0 0 0 0 0 0 0
0 0 0 0 0 0 0 0 0 0 0 0 0 0 0 0 0
0 0 0 0 0 5 0 0 0 0 0 0 0 0 0 0 0
0 0 0 0 0 0 0 0 0 0 0 0 0 0 0 0 0
0 0 0 0 0 0 0 0 0 0 0 0 0 0 0 0 0
0 0 0 0 0 0 0 0 0 0 0 0 0 0 0 0 0
0 0 0 0 0 0 0 0 0 0 0 0 0 0 0 0 0
0 0 0 0 0 0 0 0 0 0 0 0 0 0 0 0 0
0 0 0 0 0 0 0 0 0 0 0 0 0 0 0 0 0
0 0 0 0 0 0 0 0 0 0 0 0 0 0 0 0 0
0 0 0 0 0 0 0 0 0 0 0 0 0 0 0 0 0
0 0 0 0 0 0 0 0 0 0 0 0 0 0 0 0 0
0 0 0 0 0 0 0 0 0 0 0 0 0 0 0 0 0
0 0 0 0 0 0 0 0 0 0 0 0 0 0 0 0 0

 Prima:
0 0 0 0 0 0 0 0 0 0 0 0 0 0 0 0 0
0 0 0 0 0 0 0 0 0 0 0 0 0 0 0 0 0
0 0 0 0 0 0 0 0 0 0 0 0 0 0 0 0 0
0 0 0 0 0 0 0 0 0 0 0 0 0 0 0 0 0
0 0 0 0 0 0.25 0 0 0 0 0 0 0 0 0 0 0
0 0 0 0 0.25 5 0.25 0 0 0 0 0 0 0 0 0 0
0 0 0 0 0 0.25 0 0 0 0 0 0 0 0 0 0 0
0 0 0 0 0 0 0 0 0 0 0 0 0 0 0 0 0
0 0 0 0 0 0 0 0 0 0 0 0 0 0 0 0 0
0 0 0 0 0 0 0 0 0 0 0 0 0 0 0 0 0
0 0 0 0 0 0 0 0 0 0 0 0 0 0 0 0 0
0 0 0 0 0 0 0 0 0 0 0 0 0 0 0 0 0
0 0 0 0 0 0 0 0 0 0 0 0 0 0 0 0 0
0 0 0 0 0 0 0 0 0 0 0 0 0 0 0 0 0
0 0 0 0 0 0 0 0 0 0 0 0 0 0 0 0 0
0 0 0 0 0 0 0 0 0 0 0 0 0 0 0 0 0
0 0 0 0 0 0 0 0 0 0 0 0 0 0 0 0 0

 Prima:
0 0 0 0 0 0 0 0 0 0 0 0 0 0 0 0 0
0 0 0 0 0 0 0 0 0 0 0 0 0 0 0 0 0
0 0 0 0 0 0 0 0 0 0 0 0 0 0 0 0 0
0 0 0 0 0 0.0125 0 0 0 0 0 0 0 0 0 0 0
0 0 0 0 0.025 0.45 0.025 0 0 0 0 0 0 0 0 0 0
0 0 0 0.0125 0.45 5 0.45 0.0125 0 0 0 0 0 0 0 0 0
0 0 0 0 0.025 0.45 0.025 0 0 0 0 0 0 0 0 0 0
0 0 0 0 0 0.0125 0 0 0 0 0 0 0 0 0 0 0
0 0 0 0 0 0 0 0 0 0 0 0 0 0 0 0 0
0 0 0 0 0 0 0 0 0 0 0 0 0 0 0 0 0
0 0 0 0 0 0 0 0 0 0 0 0 0 0 0 0 0
0 0 0 0 0 0 0 0 0 0 0 0 0 0 0 0 0
0 0 0 0 0 0 0 0 0 0 0 0 0 0 0 0 0
0 0 0 0 0 0 0 0 0 0 0 0 0 0 0 0 0
0 0 0 0 0 0 0 0 0 0 0 0 0 0 0 0 0
0 0 0 0 0 0 0 0 0 0 0 0 0 0 0 0 0
0 0 0 0 0 0 0 0 0 0 0 0 0 0 0 0 0

 Prima:
0 0 0 0 0 0 0 0 0 0 0 0 0 0 0 0 0
0 0 0 0 0 0 0 0 0 0 0 0 0 0 0 0 0
0 0 0 0 0 0.000625 0 0 0 0 0 0 0 0 0 0 0
0 0 0 0 0.001875 0.0325 0.001875 0 0 0 0 0 0 0 0 0 0
0 0 0 0.001875 0.065 0.613125 0.065 0.001875 0 0 0 0 0 0 0 0 0
0 0 0.000625 0.0325 0.613125 5 0.613125 0.0325 0.000625 0 0 0 0 0 0 0 0
0 0 0 0.001875 0.065 0.613125 0.065 0.001875 0 0 0 0 0 0 0 0 0
0 0 0 0 0.001875 0.0325 0.001875 0 0 0 0 0 0 0 0 0 0
0 0 0 0 0 0.000625 0 0 0 0 0 0 0 0 0 0 0
0 0 0 0 0 0 0 0 0 0 0 0 0 0 0 0 0
0 0 0 0 0 0 0 0 0 0 0 0 0 0 0 0 0
0 0 0 0 0 0 0 0 0 0 0 0 0 0 0 0 0
0 0 0 0 0 0 0 0 0 0 0 0 0 0 0 0 0
0 0 0 0 0 0 0 0 0 0 0 0 0 0 0 0 0
0 0 0 0 0 0 0 0 0 0 0 0 0 0 0 0 0
0 0 0 0 0 0 0 0 0 0 0 0 0 0 0 0 0
0 0 0 0 0 0 0 0 0 0 0 0 0 0 0 0 0

 Prima:
0 0 0 0 0 0 0 0 0 0 0 0 0 0 0 0 0
0 0 0 0 0 3.125e-05 0 0 0 0 0 0 0 0 0 0 0
0 0 0 0 0.000125 0.002125 0.000125 0 0 0 0 0 0 0 0 0 0
0 0 0 0.0001875 0.006375 0.056875 0.006375 0.0001875 0 0 0 0 0 0 0 0 0
0 0 0.000125 0.006375 0.1135 0.748625 0.1135 0.006375 0.000125 0 0 0 0 0 0 0 0
0 3.125e-05 0.002125 0.056875 0.748625 5 0.748625 0.056875 0.002125 3.125e-05 0 0 0 0 0 0 0
0 0 0.000125 0.006375 0.1135 0.748625 0.1135 0.006375 0.000125 0 0 0 0 0 0 0 0
0 0 0 0.0001875 0.006375 0.056875 0.006375 0.0001875 0 0 0 0 0 0 0 0 0
0 0 0 0 0.000125 0.002125 0.000125 0 0 0 0 0 0 0 0 0 0
0 0 0 0 0 3.125e-05 0 0 0 0 0 0 0 0 0 0 0
0 0 0 0 0 0 0 0 0 0 0 0 0 0 0 0 0
0 0 0 0 0 0 0 0 0 0 0 0 0 0 0 0 0
0 0 0 0 0 0 0 0 0 0 0 0 0 0 0 0 0
0 0 0 0 0 0 0 0 0 0 0 0 0 0 0 0 0
0 0 0 0 0 0 0 0 0 0 0 0 0 0 0 0 0
0 0 0 0 0 0 0 0 0 0 0 0 0 0 0 0 0
0 0 0 0 0 0 0 0 0 0 0 0 0 0 0 0 0

 Prima:
0 0 0 0 0 0 0 0 0 0 0 0 0 0 0 0 0
0 0 0 0 7.8125e-06 0.00013125 7.8125e-06 0 0 0 0 0 0 0 0 0 0
0 0 0 1.5625e-05 0.000525 0.00455781 0.000525 1.5625e-05 0 0 0 0 0 0 0 0 0
0 0 1.5625e-05 0.0007875 0.0136344 0.083675 0.0136344 0.0007875 1.5625e-05 0 0 0 0 0 0 0 0
0 7.8125e-06 0.000525 0.0136344 0.1663 0.863094 0.1663 0.0136344 0.000525 7.8125e-06 0 0 0 0 0 0 0
0 0.00013125 0.00455781 0.083675 0.863094 5 0.863094 0.083675 0.00455781 0.00013125 1.5625e-06 0 0 0 0 0 0
0 7.8125e-06 0.000525 0.0136344 0.1663 0.863094 0.1663 0.0136344 0.000525 7.8125e-06 0 0 0 0 0 0 0
0 0 1.5625e-05 0.0007875 0.0136344 0.083675 0.0136344 0.0007875 1.5625e-05 0 0 0 0 0 0 0 0
0 0 0 1.5625e-05 0.000525 0.00455781 0.000525 1.5625e-05 0 0 0 0 0 0 0 0 0
0 0 0 0 7.8125e-06 0.00013125 7.8125e-06 0 0 0 0 0 0 0 0 0 0
0 0 0 0 0 1.5625e-06 0 0 0 0 0 0 0 0 0 0 0
0 0 0 0 0 0 0 0 0 0 0 0 0 0 0 0 0
0 0 0 0 0 0 0 0 0 0 0 0 0 0 0 0 0
0 0 0 0 0 0 0 0 0 0 0 0 0 0 0 0 0
0 0 0 0 0 0 0 0 0 0 0 0 0 0 0 0 0
0 0 0 0 0 0 0 0 0 0 0 0 0 0 0 0 0
0 0 0 0 0 0 0 0 0 0 0 0 0 0 0 0 0

 Prima:
0 0 0 0 0 0 0 0 0 0 0 0 0 0 0 0 0
0 0 0 1.17188e-06 3.90625e-05 0.000333672 3.90625e-05 1.17188e-06 0 0 0 0 0 0 0 0 0
0 0 1.5625e-06 7.8125e-05 0.00133078 0.00788906 0.00133078 7.8125e-05 1.5625e-06 0 0 0 0 0 0 0 0
0 1.17188e-06 7.8125e-05 0.001995 0.0234719 0.111686 0.0234719 0.001995 7.8125e-05 1.17188e-06 0 0 0 0 0 0 0
0 3.90625e-05 0.00133078 0.0234719 0.220713 0.961289 0.220713 0.0234719 0.00133078 3.90625e-05 4.6875e-07 0 0 0 0 0 0
0 0.000333672 0.00788906 0.111686 0.961289 5 0.961289 0.111686 0.00788906 0.00033375 7.8125e-06 7.8125e-08 0 0 0 0 0
0 3.90625e-05 0.00133078 0.0234719 0.220713 0.961289 0.220713 0.0234719 0.00133078 3.90625e-05 4.6875e-07 0 0 0 0 0 0
0 1.17188e-06 7.8125e-05 0.001995 0.0234719 0.111686 0.0234719 0.001995 7.8125e-05 1.17188e-06 0 0 0 0 0 0 0
0 0 1.5625e-06 7.8125e-05 0.00133078 0.00788906 0.00133078 7.8125e-05 1.5625e-06 0 0 0 0 0 0 0 0
0 0 0 1.17188e-06 3.90625e-05 0.00033375 3.90625e-05 1.17188e-06 0 0 0 0 0 0 0 0 0
0 0 0 0 4.6875e-07 7.8125e-06 4.6875e-07 0 0 0 0 0 0 0 0 0 0
0 0 0 0 0 7.8125e-08 0 0 0 0 0 0 0 0 0 0 0
0 0 0 0 0 0 0 0 0 0 0 0 0 0 0 0 0
0 0 0 0 0 0 0 0 0 0 0 0 0 0 0 0 0
0 0 0 0 0 0 0 0 0 0 0 0 0 0 0 0 0
0 0 0 0 0 0 0 0 0 0 0 0 0 0 0 0 0
0 0 0 0 0 0 0 0 0 0 0 0 0 0 0 0 0

 Prima:
0 0 0 0 0 0 0 0 0 0 0 0 0 0 0 0 0
0 0 1.36719e-07 6.79688e-06 0.000114531 0.000665297 0.000114531 6.79688e-06 1.36719e-07 0 0 0 0 0 0 0 0
0 1.36719e-07 9.0625e-06 0.000228926 0.00263853 0.0120453 0.00263853 0.000228926 9.0625e-06 1.36719e-07 0 0 0 0 0 0 0
0 6.79688e-06 0.000228926 0.003951 0.0355637 0.140155 0.0355637 0.003951 0.000228926 6.79688e-06 8.20313e-08 0 0 0 0 0 0
0 0.000114531 0.00263853 0.0355637 0.275046 1.04669 0.275046 0.0355637 0.00263853 0.000114559 2.71875e-06 2.73438e-08 0 0 0 0 0
0 0.000665297 0.0120453 0.140155 1.04669 5 1.04669 0.140155 0.0120453 0.00066575 2.29883e-05 4.53125e-07 3.90625e-09 0 0 0 0
0 0.000114531 0.00263853 0.0355637 0.275046 1.04669 0.275046 0.0355637 0.00263853 0.000114559 2.71875e-06 2.73438e-08 0 0 0 0 0
0 6.79688e-06 0.000228926 0.003951 0.0355637 0.140155 0.0355637 0.003951 0.000228926 6.79688e-06 8.20313e-08 0 0 0 0 0 0
0 1.36719e-07 9.0625e-06 0.000228926 0.00263853 0.0120453 0.00263853 0.000228926 9.0625e-06 1.36719e-07 0 0 0 0 0 0 0
0 0 1.36719e-07 6.79688e-06 0.000114559 0.00066575 0.000114559 6.79688e-06 1.36719e-07 0 0 0 0 0 0 0 0
0 0 0 8.20313e-08 2.71875e-06 2.29883e-05 2.71875e-06 8.20313e-08 0 0 0 0 0 0 0 0 0
0 0 0 0 2.73438e-08 4.53125e-07 2.73438e-08 0 0 0 0 0 0 0 0 0 0
0 0 0 0 0 3.90625e-09 0 0 0 0 0 0 0 0 0 0 0
0 0 0 0 0 0 0 0 0 0 0 0 0 0 0 0 0
0 0 0 0 0 0 0 0 0 0 0 0 0 0 0 0 0
0 0 0 0 0 0 0 0 0 0 0 0 0 0 0 0 0
0 0 0 0 0 0 0 0 0 0 0 0 0 0 0 0 0

 Prima:
0 0 0 0 0 0 0 0 0 0 0 0 0 0 0 0 0
0 1.36719e-08 9.02344e-07 2.26172e-05 0.000257156 0.00114596 0.000257156 2.26172e-05 9.02344e-07 1.36719e-08 0 0 0 0 0 0 0
0 9.02344e-07 3.01563e-05 0.00051341 0.00450845 0.0169411 0.00450845 0.00051341 3.01563e-05 9.02344e-07 1.09375e-08 0 0 0 0 0 0
0 2.26172e-05 0.00051341 0.00674007 0.0495405 0.168617 0.0495405 0.00674007 0.00051341 2.26227e-05 5.41406e-07 5.46875e-09 0 0 0 0 0
0 0.000257156 0.00450845 0.0495405 0.328262 1.12186 0.328262 0.0495405 0.00450845 0.000257337 9.05781e-06 1.80469e-07 1.5625e-09 0 0 0 0
0 0.00114596 0.0169411 0.168617 1.12186 5 1.12186 0.168617 0.0169411 0.00114747 5.19727e-05 1.51484e-06 2.57813e-08 1.95313e-10 0 0 0
0 0.000257156 0.00450845 0.0495405 0.328262 1.12186 0.328262 0.0495405 0.00450845 0.000257337 9.05781e-06 1.80469e-07 1.5625e-09 0 0 0 0
0 2.26172e-05 0.00051341 0.00674007 0.0495405 0.168617 0.0495405 0.00674007 0.00051341 2.26227e-05 5.41406e-07 5.46875e-09 0 0 0 0 0
0 9.02344e-07 3.01563e-05 0.00051341 0.00450845 0.0169411 0.00450845 0.00051341 3.01563e-05 9.02344e-07 1.09375e-08 0 0 0 0 0 0
0 1.36719e-08 9.02344e-07 2.26227e-05 0.000257337 0.00114747 0.000257337 2.26227e-05 9.02344e-07 1.36719e-08 0 0 0 0 0 0 0
0 0 1.09375e-08 5.41406e-07 9.05781e-06 5.19727e-05 9.05781e-06 5.41406e-07 1.09375e-08 0 0 0 0 0 0 0 0
0 0 0 5.46875e-09 1.80469e-07 1.51484e-06 1.80469e-07 5.46875e-09 0 0 0 0 0 0 0 0 0
0 0 0 0 1.5625e-09 2.57813e-08 1.5625e-09 0 0 0 0 0 0 0 0 0 0
0 0 0 0 0 1.95313e-10 0 0 0 0 0 0 0 0 0 0 0
0 0 0 0 0 0 0 0 0 0 0 0 0 0 0 0 0
0 0 0 0 0 0 0 0 0 0 0 0 0 0 0 0 0
0 0 0 0 0 0 0 0 0 0 0 0 0 0 0 0 0

 Prima:
0 0 0 0 0 0 0 0 0 0 0 0 0 0 0 0 0
0 1.01172e-07 3.36123e-06 5.66672e-05 0.000489576 0.00178954 0.000489576 5.66672e-05 3.36123e-06 1.01172e-07 1.23047e-09 0 0 0 0 0 0
0 3.36123e-06 7.55563e-05 0.000975793 0.00696937 0.0224919 0.00696937 0.000975793 7.55563e-05 3.36205e-06 8.09375e-08 8.20313e-10 0 0 0 0 0
0 5.66672e-05 0.000975793 0.0103974 0.0650388 0.196788 0.0650388 0.0103974 0.000975793 5.67077e-05 2.01797e-06 4.04688e-08 3.51563e-10 0 0 0 0
0 0.000489576 0.00696937 0.0650388 0.37975 1.18875 0.37975 0.0650388 0.00696938 0.00049025 2.27478e-05 6.73359e-07 1.15625e-08 8.78906e-11 0 0 0
0 0.00178954 0.0224919 0.196788 1.18875 5 1.18875 0.196788 0.022492 0.00179337 9.99332e-05 3.82984e-06 9.65332e-08 1.44531e-09 9.76563e-12 0 0
0 0.000489576 0.00696937 0.0650388 0.37975 1.18875 0.37975 0.0650388 0.00696938 0.00049025 2.27478e-05 6.73359e-07 1.15625e-08 8.78906e-11 0 0 0
0 5.66672e-05 0.000975793 0.0103974 0.0650388 0.196788 0.0650388 0.0103974 0.000975793 5.67077e-05 2.01797e-06 4.04688e-08 3.51563e-10 0 0 0 0
0 3.36123e-06 7.55563e-05 0.000975793 0.00696938 0.022492 0.00696938 0.000975793 7.55563e-05 3.36205e-06 8.09375e-08 8.20313e-10 0 0 0 0 0
0 1.01172e-07 3.36205e-06 5.67077e-05 0.00049025 0.00179337 0.00049025 5.67077e-05 3.36205e-06 1.01172e-07 1.23047e-09 0 0 0 0 0 0
0 1.23047e-09 8.09375e-08 2.01797e-06 2.27478e-05 9.99332e-05 2.27478e-05 2.01797e-06 8.09375e-08 1.23047e-09 0 0 0 0 0 0 0
0 0 8.20313e-10 4.04688e-08 6.73359e-07 3.82984e-06 6.73359e-07 4.04688e-08 8.20313e-10 0 0 0 0 0 0 0 0
0 0 0 3.51563e-10 1.15625e-08 9.65332e-08 1.15625e-08 3.51563e-10 0 0 0 0 0 0 0 0 0
0 0 0 0 8.78906e-11 1.44531e-09 8.78906e-11 0 0 0 0 0 0 0 0 0 0
0 0 0 0 0 9.76563e-12 0 0 0 0 0 0 0 0 0 0 0
0 0 0 0 0 0 0 0 0 0 0 0 0 0 0 0 0
0 0 0 0 0 0 0 0 0 0 0 0 0 0 0 0 0

 Prima:
0 0 0 0 0 0 0 0 0 0 0 0 0 0 0 0 0
0 4.17061e-07 9.30521e-06 0.00011877 0.00083244 0.00260518 0.00083244 0.00011877 9.30521e-06 4.17163e-07 1.00898e-08 1.02539e-10 0 0 0 0 0
0 9.30521e-06 0.00015836 0.00165559 0.0100253 0.0286193 0.0100253 0.00165559 0.00015836 9.31194e-06 3.33854e-07 6.72656e-09 5.85938e-11 0 0 0 0
0 0.00011877 0.00165559 0.0149194 0.0817263 0.224496 0.0817263 0.0149194 0.00165559 0.000118937 5.59322e-06 1.67e-07 2.88281e-09 2.19727e-11 0 0 0
0 0.00083244 0.0100253 0.0817263 0.429178 1.24881 0.429178 0.0817263 0.0100253 0.00083431 4.7842e-05 1.87017e-06 4.77666e-08 7.20703e-10 4.88281e-12 0 0
0 0.00260518 0.0286193 0.224496 1.24881 5 1.24881 0.224496 0.0286196 0.00261331 0.000172081 8.1327e-06 2.69947e-07 5.99219e-09 8.00781e-11 4.88281e-13 0
0 0.00083244 0.0100253 0.0817263 0.429178 1.24881 0.429178 0.0817263 0.0100253 0.00083431 4.7842e-05 1.87017e-06 4.77666e-08 7.20703e-10 4.88281e-12 0 0
0 0.00011877 0.00165559 0.0149194 0.0817263 0.224496 0.0817263 0.0149194 0.00165559 0.000118937 5.59322e-06 1.67e-07 2.88281e-09 2.19727e-11 0 0 0
0 9.30521e-06 0.00015836 0.00165559 0.0100253 0.0286196 0.0100253 0.00165559 0.00015836 9.31194e-06 3.33854e-07 6.72656e-09 5.85938e-11 0 0 0 0
0 4.17163e-07 9.31194e-06 0.000118937 0.00083431 0.00261331 0.00083431 0.000118937 9.31194e-06 4.17266e-07 1.00898e-08 1.02539e-10 0 0 0 0 0
0 1.00898e-08 3.33854e-07 5.59322e-06 4.7842e-05 0.000172081 4.7842e-05 5.59322e-06 3.33854e-07 1.00898e-08 1.23047e-10 0 0 0 0 0 0
0 1.02539e-10 6.72656e-09 1.67e-07 1.87017e-06 8.1327e-06 1.87017e-06 1.67e-07 6.72656e-09 1.02539e-10 0 0 0 0 0 0 0
0 0 5.85938e-11 2.88281e-09 4.77666e-08 2.69947e-07 4.77666e-08 2.88281e-09 5.85938e-11 0 0 0 0 0 0 0 0
0 0 0 2.19727e-11 7.20703e-10 5.99219e-09 7.20703e-10 2.19727e-11 0 0 0 0 0 0 0 0 0
0 0 0 0 4.88281e-12 8.00781e-11 4.88281e-12 0 0 0 0 0 0 0 0 0 0
0 0 0 0 0 4.88281e-13 0 0 0 0 0 0 0 0 0 0 0
0 0 0 0 0 0 0 0 0 0 0 0 0 0 0 0 0

 Prima:
0 0 0 0 0 0 0 0 0 0 0 0 0 0 0 0 0
0 1.26417e-06 2.13216e-05 0.000219883 0.00130341 0.00359835 0.00130341 0.000219883 2.13216e-05 1.26509e-06 4.56278e-08 9.22852e-10 8.05664e-12 0 0 0 0
0 2.13216e-05 0.000293177 0.00258556 0.0136619 0.035253 0.0136619 0.00258556 0.000293178 2.1352e-05 1.01318e-06 3.0432e-08 5.27344e-10 4.02832e-12 0 0 0
0 0.000219883 0.00258556 0.0202737 0.099312 0.251641 0.099312 0.0202737 0.00258557 0.00022039 1.28386e-05 5.0725e-07 1.30486e-08 1.97754e-10 1.34277e-12 0 0
0 0.00130341 0.0136619 0.099312 0.476397 1.30319 0.476397 0.099312 0.0136621 0.00130772 8.89663e-05 4.30561e-06 1.45399e-07 3.26584e-09 4.39453e-11 2.68555e-13 0
0 0.00359835 0.035253 0.251641 1.30319 5 1.30319 0.251641 0.0352537 0.00361366 0.000273521 1.53107e-05 6.27669e-07 1.83672e-08 3.64185e-10 4.39453e-12 0
0 0.00130341 0.0136619 0.099312 0.476397 1.30319 0.476397 0.099312 0.0136621 0.00130772 8.89663e-05 4.30561e-06 1.45399e-07 3.26584e-09 4.39453e-11 2.68555e-13 0
0 0.000219883 0.00258556 0.0202737 0.099312 0.251641 0.099312 0.0202737 0.00258557 0.00022039 1.28386e-05 5.0725e-07 1.30486e-08 1.97754e-10 1.34277e-12 0 0
0 2.13216e-05 0.000293178 0.00258557 0.0136621 0.0352537 0.0136621 0.00258557 0.000293178 2.1352e-05 1.01318e-06 3.0432e-08 5.27344e-10 4.02832e-12 0 0 0
0 1.26509e-06 2.1352e-05 0.00022039 0.00130772 0.00361366 0.00130772 0.00022039 2.1352e-05 1.26602e-06 4.56391e-08 9.22852e-10 8.05664e-12 0 0 0 0
0 4.56278e-08 1.01318e-06 1.28386e-05 8.89663e-05 0.000273521 8.89663e-05 1.28386e-05 1.01318e-06 4.56391e-08 1.10742e-09 1.12793e-11 0 0 0 0 0
0 9.22852e-10 3.0432e-08 5.0725e-07 4.30561e-06 1.53107e-05 4.30561e-06 5.0725e-07 3.0432e-08 9.22852e-10 1.12793e-11 0 0 0 0 0 0
0 8.05664e-12 5.27344e-10 1.30486e-08 1.45399e-07 6.27669e-07 1.45399e-07 1.30486e-08 5.27344e-10 8.05664e-12 0 0 0 0 0 0 0
0 0 4.02832e-12 1.97754e-10 3.26584e-09 1.83672e-08 3.26584e-09 1.97754e-10 4.02832e-12 0 0 0 0 0 0 0 0
0 0 0 1.34277e-12 4.39453e-11 3.64185e-10 4.39453e-11 1.34277e-12 0 0 0 0 0 0 0 0 0
0 0 0 0 2.68555e-13 4.39453e-12 2.68555e-13 0 0 0 0 0 0 0 0 0 0
0 0 0 0 0 0 0 0 0 0 0 0 0 0 0 0 0

 Prima:
0 0 0 0 0 0 0 0 0 0 0 0 0 0 0 0 0
0 3.14349e-06 4.27735e-05 0.000371421 0.00191674 0.00477168 0.00191674 0.000371421 4.27735e-05 3.14803e-06 1.50462e-07 4.54167e-09 7.89551e-11 6.04248e-13 0 0 0
0 4.27735e-05 0.00049523 0.00379088 0.0178522 0.0423306 0.0178522 0.00379088 0.000495233 4.28739e-05 2.52388e-06 1.0044e-07 2.59651e-09 3.94775e-11 2.68555e-13 0 0
0 0.000371421 0.00379088 0.0264087 0.117548 0.278166 0.117548 0.0264087 0.00379093 0.000372686 2.58147e-05 1.26518e-06 4.31076e-08 9.74194e-10 1.31592e-11 8.05664e-14 0
0 0.00191674 0.0178522 0.117548 0.521368 1.35278 0.521368 0.117548 0.0178526 0.00192543 0.000151092 8.69097e-06 3.63799e-07 1.08131e-08 2.16738e-10 2.63184e-12 0
0 0.00477168 0.0423306 0.278166 1.35278 5 1.35278 0.278166 0.0423319 0.00479806 0.000409162 2.63866e-05 1.28313e-06 4.6422e-08 1.21432e-09 2.17517e-11 0
0 0.00191674 0.0178522 0.117548 0.521368 1.35278 0.521368 0.117548 0.0178526 0.00192543 0.000151092 8.69097e-06 3.63799e-07 1.08131e-08 2.16738e-10 2.63184e-12 0
0 0.000371421 0.00379088 0.0264087 0.117548 0.278166 0.117548 0.0264087 0.00379093 0.000372686 2.58147e-05 1.26518e-06 4.31076e-08 9.74194e-10 1.31592e-11 8.05664e-14 0
0 4.27735e-05 0.000495233 0.00379093 0.0178526 0.0423319 0.0178526 0.00379093 0.000495235 4.2874e-05 2.52388e-06 1.0044e-07 2.59651e-09 3.94775e-11 2.68555e-13 0 0
0 3.14803e-06 4.28739e-05 0.000372686 0.00192543 0.00479806 0.00192543 0.000372686 4.2874e-05 3.15258e-06 1.50573e-07 4.5428e-09 7.89551e-11 6.04248e-13 0 0 0
0 1.50462e-07 2.52388e-06 2.58147e-05 0.000151092 0.000409162 0.000151092 2.58147e-05 2.52388e-06 1.50573e-07 5.45098e-09 1.10537e-10 9.66797e-13 0 0 0 0
0 4.54167e-09 1.0044e-07 1.26518e-06 8.69097e-06 2.63866e-05 8.69097e-06 1.26518e-06 1.0044e-07 4.5428e-09 1.10537e-10 1.12793e-12 0 0 0 0 0
0 7.89551e-11 2.59651e-09 4.31076e-08 3.63799e-07 1.28313e-06 3.63799e-07 4.31076e-08 2.59651e-09 7.89551e-11 9.66797e-13 0 0 0 0 0 0
0 6.04248e-13 3.94775e-11 9.74194e-10 1.08131e-08 4.6422e-08 1.08131e-08 9.74194e-10 3.94775e-11 6.04248e-13 0 0 0 0 0 0 0
0 0 2.68555e-13 1.31592e-11 2.16738e-10 1.21432e-09 2.16738e-10 1.31592e-11 2.68555e-13 0 0 0 0 0 0 0 0
0 0 0 8.05664e-14 2.63184e-12 2.17517e-11 2.63184e-12 8.05664e-14 0 0 0 0 0 0 0 0 0
0 0 0 0 0 0 0 0 0 0 0 0 0 0 0 0 0

 Prima:
0 0 0 0 0 0 0 0 0 0 0 0 0 0 0 0 0
0 6.79214e-06 7.77085e-05 0.000584657 0.00268316 0.00612554 0.00268316 0.000584657 7.77089e-05 6.80832e-06 4.04192e-07 1.61824e-08 4.20103e-10 6.40503e-12 4.36401e-14 0 0
0 7.77085e-05 0.00077955 0.00528909 0.0225611 0.0497966 0.0225611 0.00528909 0.000779559 7.79787e-05 5.46608e-06 2.70162e-07 9.26049e-09 2.10161e-10 2.84668e-12 1.74561e-14 0
0 0.000584657 0.00528909 0.0332609 0.136228 0.304043 0.136228 0.0332609 0.0052892 0.000587401 4.70301e-05 2.74461e-06 1.16114e-07 3.47802e-09 7.00914e-11 8.54004e-13 0
0 0.00268316 0.0225611 0.136228 0.564126 1.39827 0.564126 0.136228 0.0225619 0.00269907 0.000239329 1.59082e-05 7.9244e-07 2.92211e-08 7.75551e-10 1.4034e-11 0
0 0.00612554 0.0497966 0.304043 1.39827 5 1.39827 0.304043 0.049799 0.00616804 0.000583662 4.25007e-05 2.38453e-06 1.02436e-07 3.31532e-09 7.83806e-11 0
0 0.00268316 0.0225611 0.136228 0.564126 1.39827 0.564126 0.136228 0.0225619 0.00269907 0.000239329 1.59082e-05 7.9244e-07 2.92211e-08 7.75551e-10 1.4034e-11 0
0 0.000584657 0.00528909 0.0332609 0.136228 0.304043 0.136228 0.0332609 0.0052892 0.000587401 4.70301e-05 2.74461e-06 1.16114e-07 3.47802e-09 7.00914e-11 8.54004e-13 0
0 7.77089e-05 0.000779559 0.0052892 0.0225619 0.049799 0.0225619 0.0052892 0.000779568 7.79791e-05 5.46609e-06 2.70162e-07 9.26049e-09 2.10161e-10 2.84668e-12 1.74561e-14 0
0 6.80832e-06 7.79787e-05 0.000587401 0.00269907 0.00616804 0.00269907 0.000587401 7.79791e-05 6.82452e-06 4.04781e-07 1.61943e-08 4.20208e-10 6.40503e-12 4.36401e-14 0 0
0 4.04192e-07 5.46608e-06 4.70301e-05 0.000239329 0.000583662 0.000239329 4.70301e-05 5.46609e-06 4.04781e-07 1.94291e-08 5.88223e-10 1.0248e-11 7.85522e-14 0 0 0
0 1.61824e-08 2.70162e-07 2.74461e-06 1.59082e-05 4.25007e-05 1.59082e-05 2.74461e-06 2.70162e-07 1.61943e-08 5.88223e-10 1.19561e-11 1.04736e-13 0 0 0 0
0 4.20103e-10 9.26049e-09 1.16114e-07 7.9244e-07 2.38453e-06 7.9244e-07 1.16114e-07 9.26049e-09 4.20208e-10 1.0248e-11 1.04736e-13 0 0 0 0 0
0 6.40503e-12 2.10161e-10 3.47802e-09 2.92211e-08 1.02436e-07 2.92211e-08 3.47802e-09 2.10161e-10 6.40503e-12 7.85522e-14 0 0 0 0 0 0
0 4.36401e-14 2.84668e-12 7.00914e-11 7.75551e-10 3.31532e-09 7.75551e-10 7.00914e-11 2.84668e-12 4.36401e-14 0 0 0 0 0 0 0
0 0 1.74561e-14 8.54004e-13 1.4034e-11 7.83806e-11 1.4034e-11 8.54004e-13 1.74561e-14 0 0 0 0 0 0 0 0
0 0 0 0 0 0 0 0 0 0 0 0 0 0 0 0 0

 Prima:
0 0 0 0 0 0 0 0 0 0 0 0 0 0 0 0 0
0 1.32046e-05 0.000130717 0.000870223 0.00361009 0.00765858 0.00361009 0.000870223 0.000130718 1.32512e-05 9.37883e-07 4.66846e-08 1.60855e-09 3.66394e-11 4.97498e-13 3.05481e-15 0
0 0.000130717 0.00116032 0.00709058 0.0277487 0.0576018 0.0277487 0.00709058 0.00116035 0.000131345 1.0657e-05 6.27936e-07 2.67537e-08 8.05517e-10 1.6293e-11 1.98999e-13 0
0 0.000870223 0.00709058 0.0407605 0.155182 0.32926 0.155182 0.0407605 0.00709085 0.000875585 7.93711e-05 5.36191e-06 2.7038e-07 1.00632e-08 2.68937e-10 4.89035e-12 0
0 0.00361009 0.0277487 0.155182 0.60475 1.44023 0.60475 0.155182 0.0277503 0.00363709 0.000358746 2.69949e-05 1.55585e-06 6.83334e-08 2.25147e-09 5.39665e-11 0
0 0.00765858 0.0576018 0.32926 1.44023 5 1.44023 0.329261 0.0576059 0.00772347 0.000801389 6.48937e-05 4.11703e-06 2.04264e-07 7.85553e-09 2.29874e-10 0
0 0.00361009 0.0277487 0.155182 0.60475 1.44023 0.60475 0.155182 0.0277503 0.00363709 0.000358746 2.69949e-05 1.55585e-06 6.83334e-08 2.25147e-09 5.39665e-11 0
0 0.000870223 0.00709058 0.0407605 0.155182 0.329261 0.155182 0.0407605 0.00709085 0.000875585 7.93711e-05 5.36191e-06 2.7038e-07 1.00632e-08 2.68937e-10 4.89035e-12 0
0 0.000130718 0.00116035 0.00709085 0.0277503 0.0576059 0.0277503 0.00709085 0.00116037 0.000131346 1.06571e-05 6.27937e-07 2.67537e-08 8.05517e-10 1.6293e-11 1.98999e-13 0
0 1.32512e-05 0.000131345 0.000875585 0.00363709 0.00772347 0.00363709 0.000875585 0.000131346 1.3298e-05 9.40136e-07 4.6753e-08 1.60974e-09 3.66486e-11 4.97498e-13 3.05481e-15 0
0 9.37883e-07 1.0657e-05 7.93711e-05 0.000358746 0.000801389 0.000358746 7.93711e-05 1.06571e-05 9.40136e-07 5.60802e-08 2.25286e-09 5.86292e-11 8.95496e-13 6.10962e-15 0 0
0 4.66846e-08 6.27936e-07 5.36191e-06 2.69949e-05 6.48937e-05 2.69949e-05 5.36191e-06 6.27937e-07 4.6753e-08 2.25286e-09 6.83977e-11 1.19399e-12 9.16443e-15 0 0 0
0 1.60855e-09 2.67537e-08 2.7038e-07 1.55585e-06 4.11703e-06 1.55585e-06 2.7038e-07 2.67537e-08 1.60974e-09 5.86292e-11 1.19399e-12 1.04736e-14 0 0 0 0
0 3.66394e-11 8.05517e-10 1.00632e-08 6.83334e-08 2.04264e-07 6.83334e-08 1.00632e-08 8.05517e-10 3.66486e-11 8.95496e-13 9.16443e-15 0 0 0 0 0
0 4.97498e-13 1.6293e-11 2.68937e-10 2.25147e-09 7.85553e-09 2.25147e-09 2.68937e-10 1.6293e-11 4.97498e-13 6.10962e-15 0 0 0 0 0 0
0 3.05481e-15 1.98999e-13 4.89035e-12 5.39665e-11 2.29874e-10 5.39665e-11 4.89035e-12 1.98999e-13 3.05481e-15 0 0 0 0 0 0 0
0 0 0 0 0 0 0 0 0 0 0 0 0 0 0 0 0

 Prima:
0 0 0 0 0 0 0 0 0 0 0 0 0 0 0 0 0
0 2.36353e-05 0.000206761 0.00123775 0.00470195 0.00936796 0.00470195 0.00123775 0.000206766 2.3751e-05 1.94805e-06 1.15719e-07 4.96058e-09 1.5004e-10 3.04477e-12 3.72687e-14 0
0 0.000206761 0.00165039 0.00919945 0.0333732 0.0657023 0.0333732 0.00919945 0.00165045 0.000208068 1.91397e-05 1.30697e-06 6.64394e-08 2.4879e-09 6.67919e-11 1.21852e-12 0
0 0.00123775 0.00919945 0.0488356 0.174272 0.353818 0.174272 0.0488357 0.00920001 0.0012474 0.000126014 9.65275e-06 5.64034e-07 2.50399e-08 8.31941e-10 2.00674e-11 0
0 0.00470195 0.0333732 0.174272 0.643341 1.47912 0.643341 0.174272 0.033376 0.00474507 0.000514239 4.31238e-05 2.81721e-06 1.43288e-07 5.62676e-09 1.67485e-10 0
0 0.00936796 0.0657023 0.353818 1.47912 5 1.47912 0.353818 0.065709 0.00946285 0.0010664 9.48897e-05 6.7041e-06 3.76488e-07 1.67342e-08 5.82072e-10 0
0 0.00470195 0.0333732 0.174272 0.643341 1.47912 0.643341 0.174272 0.033376 0.00474507 0.000514239 4.31238e-05 2.81721e-06 1.43288e-07 5.62676e-09 1.67485e-10 0
0 0.00123775 0.00919945 0.0488357 0.174272 0.353818 0.174272 0.0488357 0.00920002 0.0012474 0.000126014 9.65275e-06 5.64034e-07 2.50399e-08 8.31941e-10 2.00674e-11 0
0 0.000206766 0.00165045 0.00920001 0.033376 0.065709 0.033376 0.00920002 0.00165052 0.000208073 1.91399e-05 1.30697e-06 6.64396e-08 2.4879e-09 6.67919e-11 1.21852e-12 0
0 2.3751e-05 0.000208068 0.0012474 0.00474507 0.00946285 0.00474507 0.0012474 0.000208073 2.3867e-05 1.955e-06 1.15999e-07 4.96789e-09 1.50151e-10 3.04554e-12 3.72687e-14 0
0 1.94805e-06 1.91397e-05 0.000126014 0.000514239 0.0010664 0.000514239 0.000126014 1.91399e-05 1.955e-06 1.39103e-07 6.9503e-09 2.40138e-10 5.48105e-12 7.45374e-14 4.58221e-16 0
0 1.15719e-07 1.30697e-06 9.65275e-06 4.31238e-05 9.48897e-05 4.31238e-05 9.65275e-06 1.30697e-06 1.15999e-07 6.9503e-09 2.80124e-10 7.30752e-12 1.11806e-13 7.63702e-16 0 0
0 4.96058e-09 6.64394e-08 5.64034e-07 2.81721e-06 6.7041e-06 2.81721e-06 5.64034e-07 6.64396e-08 4.96789e-09 2.40138e-10 7.30752e-12 1.27778e-13 9.81903e-16 0 0 0
0 1.5004e-10 2.4879e-09 2.50399e-08 1.43288e-07 3.76488e-07 1.43288e-07 2.50399e-08 2.4879e-09 1.50151e-10 5.48105e-12 1.11806e-13 9.81903e-16 0 0 0 0
0 3.04477e-12 6.67919e-11 8.31941e-10 5.62676e-09 1.67342e-08 5.62676e-09 8.31941e-10 6.67919e-11 3.04554e-12 7.45374e-14 7.63702e-16 0 0 0 0 0
0 3.72687e-14 1.21852e-12 2.00674e-11 1.67485e-10 5.82072e-10 1.67485e-10 2.00674e-11 1.21852e-12 3.72687e-14 4.58221e-16 0 0 0 0 0 0
0 0 0 0 0 0 0 0 0 0 0 0 0 0 0 0 0

 Prima:
0 0 0 0 0 0 0 0 0 0 0 0 0 0 0 0 0
0 3.95843e-05 0.000310997 0.00169561 0.00596051 0.0112497 0.00596051 0.00169561 0.00031101 3.98399e-05 3.70877e-06 2.55574e-07 1.30839e-08 4.92608e-10 1.32793e-11 2.4298e-13 0
0 0.000310997 0.00226093 0.0116144 0.0393924 0.0740584 0.0393924 0.0116144 0.00226108 0.000313491 3.21786e-05 2.4943e-06 1.47074e-07 6.57513e-09 2.19639e-10 5.31965e-12 0
0 0.00169561 0.0116144 0.0574156 0.193386 0.377723 0.193386 0.0574157 0.0116155 0.00171188 0.000190333 1.62727e-05 1.0793e-06 5.5564e-08 2.20323e-09 6.60861e-11 0
0 0.00596051 0.0393924 0.193386 0.680012 1.51532 0.680012 0.193386 0.0393971 0.00602609 0.000710422 6.5579e-05 4.78053e-06 2.75849e-07 1.25525e-08 4.45433e-10 0
0 0.0112497 0.0740584 0.377723 1.51532 5 1.51532 0.377723 0.0740688 0.0113836 0.00138243 0.00013388 1.04083e-05 6.51561e-07 3.28036e-08 1.31912e-09 0
0 0.00596051 0.0393924 0.193386 0.680012 1.51532 0.680012 0.193386 0.0393971 0.00602609 0.000710422 6.5579e-05 4.78053e-06 2.75849e-07 1.25525e-08 4.45433e-10 0
0 0.00169561 0.0116144 0.0574157 0.193386 0.377723 0.193386 0.0574157 0.0116155 0.00171188 0.000190333 1.62727e-05 1.0793e-06 5.5564e-08 2.20323e-09 6.60861e-11 0
0 0.00031101 0.00226108 0.0116155 0.0393971 0.0740688 0.0393971 0.0116155 0.00226122 0.000313504 3.21794e-05 2.49434e-06 1.47075e-07 6.57515e-09 2.19639e-10 5.31965e-12 0
0 3.98399e-05 0.000313491 0.00171188 0.00602609 0.0113836 0.00602609 0.00171188 0.000313504 4.00964e-05 3.72711e-06 2.56494e-07 1.31158e-08 4.93337e-10 1.32892e-11 2.43041e-13 0
0 3.70877e-06 3.21786e-05 0.000190333 0.000710422 0.00138243 0.000710422 0.000190333 3.21794e-05 3.72711e-06 3.07478e-07 1.83414e-08 7.88659e-10 2.39086e-11 4.8602e-13 5.95688e-15 0
0 2.55574e-07 2.4943e-06 1.62727e-05 6.5579e-05 0.00013388 6.5579e-05 1.62727e-05 2.49434e-06 2.56494e-07 1.83414e-08 9.19859e-10 3.18711e-11 7.2896e-13 9.92813e-15 6.10962e-17 0
0 1.30839e-08 1.47074e-07 1.0793e-06 4.78053e-06 1.04083e-05 4.78053e-06 1.0793e-06 1.47075e-07 1.31158e-08 7.88659e-10 3.18711e-11 8.33073e-13 1.27647e-14 8.72803e-17 0 0
0 4.92608e-10 6.57513e-09 5.5564e-08 2.75849e-07 6.51561e-07 2.75849e-07 5.5564e-08 6.57515e-09 4.93337e-10 2.39086e-11 7.2896e-13 1.27647e-14 9.81903e-17 0 0 0
0 1.32793e-11 2.19639e-10 2.20323e-09 1.25525e-08 3.28036e-08 1.25525e-08 2.20323e-09 2.19639e-10 1.32892e-11 4.8602e-13 9.92813e-15 8.72803e-17 0 0 0 0
0 2.4298e-13 5.31965e-12 6.60861e-11 4.45433e-10 1.31912e-09 4.45433e-10 6.60861e-11 5.31965e-12 2.43041e-13 5.95688e-15 6.10962e-17 0 0 0 0 0
0 0 0 0 0 0 0 0 0 0 0 0 0 0 0 0 0

 Prima:
0 0 0 0 0 0 0 0 0 0 0 0 0 0 0 0 0
0 6.27672e-05 0.000448604 0.00225078 0.00738529 0.0132987 0.00738529 0.00225078 0.000448634 6.32824e-05 6.58072e-06 5.15267e-07 3.06242e-08 1.3777e-09 4.62479e-11 1.12433e-12 0
0 0.000448604 0.00300128 0.0143298 0.0457648 0.0826346 0.0457648 0.0143298 0.00300158 0.000453042 5.12443e-05 4.43814e-06 2.97322e-07 1.54276e-08 6.15559e-10 1.85541e-11 0
0 0.00225078 0.0143298 0.0664325 0.212436 0.400986 0.212436 0.0664326 0.0143317 0.00227677 0.000275804 2.59924e-05 1.92623e-06 1.12648e-07 5.1827e-09 1.85568e-10 0
0 0.00738529 0.0457648 0.212436 0.71488 1.54914 0.71488 0.212436 0.0457725 0.00748102 0.000951559 9.57309e-05 7.69155e-06 4.9569e-07 2.56071e-08 1.05323e-09 0
0 0.0132987 0.0826346 0.400986 1.54914 5 1.54914 0.400987 0.0826501 0.013482 0.00175286 0.000183304 1.55313e-05 1.07089e-06 6.01421e-08 2.74002e-09 0
0 0.00738529 0.0457648 0.212436 0.71488 1.54914 0.71488 0.212436 0.0457725 0.00748102 0.000951559 9.57309e-05 7.69155e-06 4.9569e-07 2.56071e-08 1.05323e-09 0
0 0.00225078 0.0143298 0.0664326 0.212436 0.400987 0.212436 0.0664328 0.0143317 0.00227677 0.000275804 2.59924e-05 1.92623e-06 1.12648e-07 5.1827e-09 1.85568e-10 0
0 0.000448634 0.00300158 0.0143317 0.0457725 0.0826501 0.0457725 0.0143317 0.00300188 0.000453072 5.12465e-05 4.43825e-06 2.97326e-07 1.54277e-08 6.1556e-10 1.85541e-11 0
0 6.32824e-05 0.000453042 0.00227677 0.00748102 0.013482 0.00748102 0.00227677 0.000453072 6.38003e-05 6.62367e-06 5.1784e-07 3.07352e-08 1.38108e-09 4.63166e-11 1.12517e-12 0
0 6.58072e-06 5.12443e-05 0.000275804 0.000951559 0.00175286 0.000951559 0.000275804 5.12465e-05 6.62367e-06 6.20527e-07 4.29571e-08 2.20657e-09 8.32875e-11 2.2495e-12 4.12216e-14 0
0 5.15267e-07 4.43814e-06 2.59924e-05 9.57309e-05 0.000183304 9.57309e-05 2.59924e-05 4.43825e-06 5.1784e-07 4.29571e-08 2.57321e-09 1.11001e-10 3.37329e-12 6.8699e-14 8.43127e-16 0
0 3.06242e-08 2.97322e-07 1.92623e-06 7.69155e-06 1.55313e-05 7.69155e-06 1.92623e-06 2.97326e-07 3.07352e-08 2.20657e-09 1.11001e-10 3.85484e-12 8.83227e-14 1.20447e-15 7.41882e-18 0
0 1.3777e-09 1.54276e-08 1.12648e-07 4.9569e-07 1.07089e-06 4.9569e-07 1.12648e-07 1.54277e-08 1.38108e-09 8.32875e-11 3.37329e-12 8.83227e-14 1.35503e-15 9.27353e-18 0 0
0 4.62479e-11 6.15559e-10 5.1827e-09 2.56071e-08 6.01421e-08 2.56071e-08 5.1827e-09 6.1556e-10 4.63166e-11 2.2495e-12 6.8699e-14 1.20447e-15 9.27353e-18 0 0 0
0 1.12433e-12 1.85541e-11 1.85568e-10 1.05323e-09 2.74002e-09 1.05323e-09 1.85568e-10 1.85541e-11 1.12517e-12 4.12216e-14 8.43127e-16 7.41882e-18 0 0 0 0
0 0 0 0 0 0 0 0 0 0 0 0 0 0 0 0 0

 Prima:
0 0 0 0 0 0 0 0 0 0 0 0 0 0 0 0 0
0 9.50741e-05 0.000624624 0.00290881 0.00897395 0.0155092 0.00897395 0.00290881 0.00062469 9.60388e-05 1.10167e-05 9.64688e-07 6.51977e-08 3.40706e-09 1.36718e-10 4.13956e-12 0
0 0.000624624 0.00387886 0.0173363 0.0524511 0.0913984 0.0524511 0.0173363 0.00387942 0.000632077 7.79886e-05 7.45297e-06 5.58379e-07 3.29403e-08 1.5262e-09 5.49559e-11 0
0 0.00290881 0.0173363 0.0758226 0.231352 0.423621 0.231352 0.0758228 0.0173395 0.0029485 0.000385922 3.96889e-05 3.24568e-06 2.12245e-07 1.10989e-08 4.61179e-10 0
0 0.00897395 0.0524511 0.231352 0.748062 1.58085 0.748062 0.231353 0.052463 0.00910896 0.00124152 0.000135012 1.18374e-05 8.41586e-07 4.8589e-08 2.26922e-09 0
0 0.0155092 0.0913984 0.423621 1.58085 5 1.58085 0.423623 0.0914208 0.0157539 0.00218071 0.000244636 2.24129e-05 1.68585e-06 1.04356e-07 5.30444e-09 0
0 0.00897395 0.0524511 0.231352 0.748062 1.58085 0.748062 0.231353 0.052463 0.00910896 0.00124152 0.000135012 1.18374e-05 8.41586e-07 4.8589e-08 2.26922e-09 0
0 0.00290881 0.0173363 0.0758228 0.231353 0.423623 0.231353 0.075823 0.0173396 0.0029485 0.000385922 3.96889e-05 3.24568e-06 2.12245e-07 1.10989e-08 4.61179e-10 0
0 0.00062469 0.00387942 0.0173395 0.052463 0.0914208 0.052463 0.0173396 0.00387998 0.000632143 7.79941e-05 7.4533e-06 5.58393e-07 3.29407e-08 1.52621e-09 5.4956e-11 0
0 9.60388e-05 0.000632077 0.0029485 0.00910896 0.0157539 0.00910896 0.0029485 0.000632143 9.70098e-05 1.11082e-05 9.71053e-07 6.55258e-08 3.41948e-09 1.37054e-10 4.14574e-12 0
0 1.10167e-05 7.79886e-05 0.000385922 0.00124152 0.00218071 0.00124152 0.000385922 7.79941e-05 1.11082e-05 1.16308e-06 9.15231e-08 5.45959e-09 2.46293e-10 8.2853e-12 2.01753e-13 0
0 9.64688e-07 7.45297e-06 3.96889e-05 0.000135012 0.000244636 0.000135012 3.96889e-05 7.4533e-06 9.71053e-07 9.15231e-08 6.36538e-09 3.28151e-10 1.24209e-11 3.36201e-13 6.1709e-15 0
0 6.51977e-08 5.58379e-07 3.24568e-06 1.18374e-05 2.24129e-05 1.18374e-05 3.24568e-06 5.58393e-07 6.55258e-08 5.45959e-09 3.28151e-10 1.41928e-11 4.32193e-13 8.81549e-15 1.08315e-16 0
0 3.40706e-09 3.29403e-08 2.12245e-07 8.41586e-07 1.68585e-06 8.41586e-07 2.12245e-07 3.29407e-08 3.41948e-09 2.46293e-10 1.24209e-11 4.32193e-13 9.91722e-15 1.35394e-16 8.34618e-19 0
0 1.36718e-10 1.5262e-09 1.10989e-08 4.8589e-08 1.04356e-07 4.8589e-08 1.10989e-08 1.52621e-09 1.37054e-10 8.2853e-12 3.36201e-13 8.81549e-15 1.35394e-16 9.27353e-19 0 0
0 4.13956e-12 5.49559e-11 4.61179e-10 2.26922e-09 5.30444e-09 2.26922e-09 4.61179e-10 5.4956e-11 4.14574e-12 2.01753e-13 6.1709e-15 1.08315e-16 8.34618e-19 0 0 0
0 0 0 0 0 0 0 0 0 0 0 0 0 0 0 0 0

 Prima:
0 0 0 0 0 0 0 0 0 0 0 0 0 0 0 0 0
0 0.000138522 0.000843837 0.00367379 0.0107226 0.0178747 0.0107226 0.0036738 0.000843965 0.00014022 1.75629e-05 1.69849e-06 1.28482e-07 7.63938e-09 3.56244e-10 1.28953e-11 0
0 0.000843837 0.00489918 0.0206221 0.0594139 0.10032 0.0594139 0.0206222 0.00490017 0.000855759 0.000114214 1.19224e-05 9.86543e-07 6.513e-08 3.43251e-09 1.43541e-10 0
0 0.00367379 0.0206221 0.0855269 0.250079 0.445645 0.250079 0.0855273 0.0206273 0.00373212 0.000524122 5.83327e-05 5.21139e-06 3.76361e-07 2.20202e-08 1.0401e-09 0
0 0.0107226 0.0594139 0.250079 0.77967 1.61067 0.77967 0.250081 0.0594315 0.0109075 0.00158374 0.000184894 1.75456e-05 1.36248e-06 8.68367e-08 4.53311e-09 0
0 0.0178747 0.10032 0.445645 1.61067 5 1.61067 0.445647 0.100352 0.0181941 0.00266865 0.000319366 3.14301e-05 2.5587e-06 1.72901e-07 9.68827e-09 0
0 0.0107226 0.0594139 0.250079 0.77967 1.61067 0.77967 0.250081 0.0594315 0.0109075 0.00158374 0.000184894 1.75456e-05 1.36248e-06 8.68367e-08 4.53311e-09 0
0 0.0036738 0.0206222 0.0855273 0.250081 0.445647 0.250081 0.0855276 0.0206274 0.00373213 0.000524123 5.83328e-05 5.21139e-06 3.76361e-07 2.20202e-08 1.0401e-09 0
0 0.000843965 0.00490017 0.0206273 0.0594315 0.100352 0.0594315 0.0206274 0.00490115 0.000855889 0.000114227 1.19233e-05 9.86587e-07 6.51317e-08 3.43255e-09 1.43542e-10 0
0 0.00014022 0.000855759 0.00373212 0.0109075 0.0181941 0.0109075 0.00373213 0.000855889 0.000141933 1.77435e-05 1.71277e-06 1.29337e-07 7.67808e-09 3.57549e-10 1.29272e-11 0
0 1.75629e-05 0.000114214 0.000524122 0.00158374 0.00266865 0.00158374 0.000524123 0.000114227 1.77435e-05 2.05044e-06 1.80517e-07 1.22488e-08 6.42024e-10 2.58225e-11 7.83263e-13 0
0 1.69849e-06 1.19224e-05 5.83327e-05 0.000184894 0.000319366 0.000184894 5.83328e-05 1.19233e-05 1.71277e-06 1.80517e-07 1.42774e-08 8.551e-10 3.86974e-11 1.30502e-12 3.18398e-14 0
0 1.28482e-07 9.86543e-07 5.21139e-06 1.75456e-05 3.14301e-05 1.75456e-05 5.21139e-06 9.86587e-07 1.29337e-07 1.22488e-08 8.551e-10 4.42126e-11 1.67738e-12 4.54843e-14 8.36013e-16 0
0 7.63938e-09 6.513e-08 3.76361e-07 1.36248e-06 2.5587e-06 1.36248e-06 3.76361e-07 6.51317e-08 7.67808e-09 6.42024e-10 3.86974e-11 1.67738e-12 5.11666e-14 1.04504e-15 1.28531e-17 0
0 3.56244e-10 3.43251e-09 2.20202e-08 8.68367e-08 1.72901e-07 8.68367e-08 2.20202e-08 3.43255e-09 3.57549e-10 2.58225e-11 1.30502e-12 4.54843e-14 1.04504e-15 1.42812e-17 8.80985e-20 0
0 1.28953e-11 1.43541e-10 1.0401e-09 4.53311e-09 9.68827e-09 4.53311e-09 1.0401e-09 1.43542e-10 1.29272e-11 7.83263e-13 3.18398e-14 8.36013e-16 1.28531e-17 8.80985e-20 0 0
0 0 0 0 0 0 0 0 0 0 0 0 0 0 0 0 0

 Prima:
0 0 0 0 0 0 0 0 0 0 0 0 0 0 0 0 0
0 0.000195201 0.00111064 0.00454846 0.0126262 0.020388 0.0126262 0.00454847 0.00111088 0.000198041 2.6857e-05 2.83949e-06 2.37419e-07 1.58099e-08 8.39235e-10 3.53055e-11 0
0 0.00111064 0.00606594 0.0241734 0.0666184 0.109374 0.0666184 0.0241735 0.00606759 0.00112894 0.00016184 1.82995e-05 1.6556e-06 1.20803e-07 7.12851e-09 3.39108e-10 0
0 0.00454846 0.0241734 0.0954916 0.268576 0.467073 0.268576 0.0954923 0.0241814 0.00463143 0.000693718 8.29737e-05 8.03117e-06 6.3414e-07 4.09997e-08 2.16692e-09 0
0 0.0126262 0.0666184 0.268576 0.809811 1.63878 0.809811 0.268578 0.0666435 0.0128731 0.00198125 0.000246864 2.51813e-05 2.11835e-06 1.47566e-07 8.50474e-09 0
0 0.020388 0.109374 0.467073 1.63878 5 1.63878 0.467077 0.109417 0.020797 0.00321896 0.000408986 4.29949e-05 3.76336e-06 2.75424e-07 1.6849e-08 0
0 0.0126262 0.0666184 0.268576 0.809811 1.63878 0.809811 0.268578 0.0666436 0.0128731 0.00198125 0.000246864 2.51813e-05 2.11835e-06 1.47566e-07 8.50474e-09 0
0 0.00454847 0.0241735 0.0954923 0.268578 0.467077 0.268578 0.0954929 0.0241815 0.00463145 0.00069372 8.29738e-05 8.03118e-06 6.3414e-07 4.09997e-08 2.16692e-09 0
0 0.00111088 0.00606759 0.0241814 0.0666435 0.109417 0.0666436 0.0241815 0.00606925 0.00112918 0.000161865 1.83015e-05 1.65573e-06 1.20808e-07 7.12869e-09 3.39112e-10 0
0 0.000198041 0.00112894 0.00463143 0.0128731 0.020797 0.0128731 0.00463145 0.00112918 0.00020091 2.71909e-05 2.86904e-06 2.39434e-07 1.59159e-08 8.43509e-10 3.54354e-11 0
0 2.6857e-05 0.00016184 0.000693718 0.00198125 0.00321896 0.00198125 0.00069372 0.000161865 2.71909e-05 3.43275e-06 3.339e-07 2.53666e-08 1.51319e-09 7.07411e-11 2.56569e-12 0
0 2.83949e-06 1.82995e-05 8.29737e-05 0.000246864 0.000408986 0.000246864 8.29738e-05 1.83015e-05 2.86904e-06 3.339e-07 2.95591e-08 2.01454e-09 1.05963e-10 4.27388e-12 1.29928e-13 0
0 2.37419e-07 1.6556e-06 8.03117e-06 2.51813e-05 4.29949e-05 2.51813e-05 8.03118e-06 1.65573e-06 2.39434e-07 2.53666e-08 2.01454e-09 1.21048e-10 5.49223e-12 1.85601e-13 4.53566e-15 0
0 1.58099e-08 1.20803e-07 6.3414e-07 2.11835e-06 3.76336e-06 2.11835e-06 6.3414e-07 1.20808e-07 1.59159e-08 1.51319e-09 1.05963e-10 5.49223e-12 2.08775e-13 5.66993e-15 1.04339e-16 0
0 8.39235e-10 7.12851e-09 4.09997e-08 1.47566e-07 2.75424e-07 1.47566e-07 4.09997e-08 7.12869e-09 8.43509e-10 7.07411e-11 4.27388e-12 1.85601e-13 5.66993e-15 1.15938e-16 1.4272e-18 0
0 3.53055e-11 3.39108e-10 2.16692e-09 8.50474e-09 1.6849e-08 8.50474e-09 2.16692e-09 3.39112e-10 3.54354e-11 2.56569e-12 1.29928e-13 4.53566e-15 1.04339e-16 1.4272e-18 8.80985e-21 0
0 0 0 0 0 0 0 0 0 0 0 0 0 0 0 0 0

 Prima:
0 0 0 0 0 0 0 0 0 0 0 0 0 0 0 0 0
0 0.000267225 0.00142899 0.00553428 0.0146787 0.0230417 0.0146787 0.00553431 0.00142941 0.000271767 3.96216e-05 4.54129e-06 4.1548e-07 3.0601e-08 1.82007e-09 8.71615e-11 0
0 0.00142899 0.00738115 0.0279749 0.0740322 0.118534 0.0740322 0.0279751 0.00738381 0.0014561 0.000222863 2.71051e-05 2.65893e-06 2.12276e-07 1.38518e-08 7.37823e-10 0
0 0.00553428 0.0279749 0.105668 0.286811 0.487924 0.286811 0.105669 0.0279869 0.005649 0.00089785 0.000114725 1.19472e-05 1.02288e-06 7.23498e-08 4.22571e-09 0
0 0.0146787 0.0740322 0.286811 0.838585 1.66536 0.838585 0.286814 0.0740673 0.0150011 0.00243663 0.000322411 3.51455e-05 3.181e-06 2.40217e-07 1.51329e-08 0
0 0.0230417 0.118534 0.487924 1.66536 5 1.66536 0.487929 0.118591 0.0235567 0.0038336 0.000514973 5.75515e-05 5.38604e-06 4.24107e-07 2.81009e-08 0
0 0.0146787 0.0740322 0.286811 0.838585 1.66536 0.838585 0.286814 0.0740673 0.0150011 0.00243663 0.000322411 3.51455e-05 3.181e-06 2.40217e-07 1.51329e-08 0
0 0.00553431 0.0279751 0.105669 0.286814 0.487929 0.286814 0.10567 0.0279871 0.00564903 0.000897853 0.000114725 1.19472e-05 1.02288e-06 7.23498e-08 4.22571e-09 0
0 0.00142941 0.00738381 0.0279869 0.0740673 0.118591 0.0740673 0.0279871 0.00738647 0.00145652 0.000222912 2.71094e-05 2.65923e-06 2.12292e-07 1.38525e-08 7.37842e-10 0
0 0.000271767 0.0014561 0.005649 0.0150011 0.0235567 0.0150011 0.00564903 0.00145652 0.000276365 4.02066e-05 4.59853e-06 4.1985e-07 3.08626e-08 1.83234e-09 8.76077e-11 0
0 3.96216e-05 0.000222863 0.00089785 0.00243663 0.0038336 0.00243663 0.000897853 0.000222912 4.02066e-05 5.49868e-06 5.84956e-07 4.91364e-08 3.28351e-09 1.7477e-10 7.36787e-12 0
0 4.54129e-06 2.71051e-05 0.000114725 0.000322411 0.000514973 0.000322411 0.000114725 2.71094e-05 4.59853e-06 5.84956e-07 5.72387e-08 4.36927e-09 2.61645e-10 1.22701e-11 4.46147e-13 0
0 4.1548e-07 2.65893e-06 1.19472e-05 3.51455e-05 5.75515e-05 3.51455e-05 1.19472e-05 2.65923e-06 4.1985e-07 4.91364e-08 4.36927e-09 2.98841e-10 1.57641e-11 6.37297e-13 1.94102e-14 0
0 3.0601e-08 2.12276e-07 1.02288e-06 3.181e-06 5.38604e-06 3.181e-06 1.02288e-06 2.12292e-07 3.08626e-08 3.28351e-09 2.61645e-10 1.57641e-11 7.1681e-13 2.42658e-14 5.93822e-16 0
0 1.82007e-09 1.38518e-08 7.23498e-08 2.40217e-07 4.24107e-07 2.40217e-07 7.23498e-08 1.38525e-08 1.83234e-09 1.7477e-10 1.22701e-11 6.37297e-13 2.42658e-14 6.59886e-16 1.21561e-17 0
0 8.71615e-11 7.37823e-10 4.22571e-09 1.51329e-08 2.81009e-08 1.51329e-08 4.22571e-09 7.37842e-10 8.76077e-11 7.36787e-12 4.46147e-13 1.94102e-14 5.93822e-16 1.21561e-17 1.49767e-19 0
0 0 0 0 0 0 0 0 0 0 0 0 0 0 0 0 0

 Prima:
