
 Prima:
0 0 0 0 0 0 0 0 0 0 0 0 0 0 0 0 0
0 0 0 0 0 0 0 0 0 0 0 0 0 0 0 0 0
0 0 0 0 0 0 0 0 0 0 0 0 0 0 0 0 0
0 0 0 0 0 0 0 0 0 0 0 0 0 0 0 0 0
0 0 0 0 0 0 0 0 0 0 0 0 0 0 0 0 0
0 0 0 0 0 3 0 0 0 0 0 0 0 0 0 0 0
0 0 0 0 0 0 0 0 0 0 0 0 0 0 0 0 0
0 0 0 0 0 0 0 0 0 0 0 0 0 0 0 0 0
0 0 0 0 0 0 0 0 0 0 0 0 0 0 0 0 0
0 0 0 0 0 0 0 0 0 0 0 0 0 0 0 0 0
0 0 0 0 0 0 0 0 0 0 0 0 0 0 0 0 0
0 0 0 0 0 0 0 0 0 0 0 0 0 0 0 0 0
0 0 0 0 0 0 0 0 0 0 0 0 0 0 0 0 0
0 0 0 0 0 0 0 0 0 0 0 0 0 0 0 0 0
0 0 0 0 0 0 0 0 0 0 0 0 0 0 0 0 0
0 0 0 0 0 0 0 0 0 0 0 0 0 0 0 0 0
0 0 0 0 0 0 0 0 0 0 0 0 0 0 0 0 0

 Prima:
0 0 0 0 0 0 0 0 0 0 0 0 0 0 0 0 0
0 0 0 0 0 0 0 0 0 0 0 0 0 0 0 0 0
0 0 0 0 0 0 0 0 0 0 0 0 0 0 0 0 0
0 0 0 0 0 0 0 0 0 0 0 0 0 0 0 0 0
0 0 0 0 0 0 0 0 0 0 0 0 0 0 0 0 0
0 0 0 0 0 3 0.15 0 0 0 0 0 0 0 0 0 0
0 0 0 0 0 0.15 2.4 0.15 0 0 0 0 0 0 0 0 0
0 0 0 0 0 0 0.15 0 0 0 0 0 0 0 0 0 0
0 0 0 0 0 0 0 0 0 0 0 0 0 0 0 0 0
0 0 0 0 0 0 0 0 0 0 0 0 0 0 0 0 0
0 0 0 0 0 0 0 0 0 0 0 0 0 0 0 0 0
0 0 0 0 0 0 0 0 0 0 0 0 0 0 0 0 0
0 0 0 0 0 0 0 0 0 0 0 0 0 0 0 0 0
0 0 0 0 0 0 0 0 0 0 0 0 0 0 0 0 0
0 0 0 0 0 0 0 0 0 0 0 0 0 0 0 0 0
0 0 0 0 0 0 0 0 0 0 0 0 0 0 0 0 0
0 0 0 0 0 0 0 0 0 0 0 0 0 0 0 0 0

 Prima:
0 0 0 0 0 0 0 0 0 0 0 0 0 0 0 0 0
0 0 0 0 0 0 0 0 0 0 0 0 0 0 0 0 0
0 0 0 0 0 0 0 0 0 0 0 0 0 0 0 0 0
0 0 0 0 0 0 0 0 0 0 0 0 0 0 0 0 0
0 0 0 0 0 0 0 0 0 0 0 0 0 0 0 0 0
0 0 0 0 0 3 0.15 0.0075 0 0 0 0 0 0 0 0 0
0 0 0 0 0 0.15 2.415 0.39 0.015 0 0 0 0 0 0 0 0
0 0 0 0 0 0.0075 0.39 1.95 0.24 0.0075 0 0 0 0 0 0 0
0 0 0 0 0 0 0.015 0.24 0.015 0 0 0 0 0 0 0 0
0 0 0 0 0 0 0 0.0075 0 0 0 0 0 0 0 0 0
0 0 0 0 0 0 0 0 0 0 0 0 0 0 0 0 0
0 0 0 0 0 0 0 0 0 0 0 0 0 0 0 0 0
0 0 0 0 0 0 0 0 0 0 0 0 0 0 0 0 0
0 0 0 0 0 0 0 0 0 0 0 0 0 0 0 0 0
0 0 0 0 0 0 0 0 0 0 0 0 0 0 0 0 0
0 0 0 0 0 0 0 0 0 0 0 0 0 0 0 0 0
0 0 0 0 0 0 0 0 0 0 0 0 0 0 0 0 0

 Prima:
0 0 0 0 0 0 0 0 0 0 0 0 0 0 0 0 0
0 0 0 0 0 0 0 0 0 0 0 0 0 0 0 0 0
0 0 0 0 0 0 0 0 0 0 0 0 0 0 0 0 0
0 0 0 0 0 0 0 0 0 0 0 0 0 0 0 0 0
0 0 0 0 0 0 0 0 0 0 0 0 0 0 0 0 0
0 0 0 0 0 3 0.15 0.0075 0.000375 0 0 0 0 0 0 0 0
0 0 0 0 0 0.15 2.415 0.391125 0.033 0.001125 0 0 0 0 0 0 0
0 0 0 0 0 0.0075 0.391125 1.986 0.531375 0.0435 0.001125 0 0 0 0 0 0
0 0 0 0 0 0.000375 0.033 0.531375 1.623 0.291375 0.018 0.000375 0 0 0 0 0
0 0 0 0 0 0 0.001125 0.0435 0.291375 0.036 0.001125 0 0 0 0 0 0
0 0 0 0 0 0 0 0.001125 0.018 0.001125 0 0 0 0 0 0 0
0 0 0 0 0 0 0 0 0.000375 0 0 0 0 0 0 0 0
0 0 0 0 0 0 0 0 0 0 0 0 0 0 0 0 0
0 0 0 0 0 0 0 0 0 0 0 0 0 0 0 0 0
0 0 0 0 0 0 0 0 0 0 0 0 0 0 0 0 0
0 0 0 0 0 0 0 0 0 0 0 0 0 0 0 0 0
0 0 0 0 0 0 0 0 0 0 0 0 0 0 0 0 0

 Prima:
0 0 0 0 0 0 0 0 0 0 0 0 0 0 0 0 0
0 0 0 0 0 0 0 0 0 0 0 0 0 0 0 0 0
0 0 0 0 0 0 0 0 0 0 0 0 0 0 0 0 0
0 0 0 0 0 0 0 0 0 0 0 0 0 0 0 0 0
0 0 0 0 0 0 0 0 0 0 0 0 0 0 0 0 0
0 0 0 0 0 3 0.15 0.0075 0.000375 1.875e-05 0 0 0 0 0 0 0
0 0 0 0 0 0.15 2.415 0.391125 0.033075 0.002325 7.5e-05 0 0 0 0 0 0
0 0 0 0 0 0.0075 0.391125 1.98611 0.534975 0.0726 0.004725 0.0001125 0 0 0 0 0
0 0 0 0 0 0.000375 0.033075 0.534975 1.68105 0.609375 0.07605 0.003975 7.5e-05 0 0 0 0
0 0 0 0 0 1.875e-05 0.002325 0.0726 0.609375 1.38068 0.319125 0.0291 0.0012 1.875e-05 0 0 0
0 0 0 0 0 0 7.5e-05 0.004725 0.07605 0.319125 0.05805 0.0036 7.5e-05 0 0 0 0
0 0 0 0 0 0 0 0.0001125 0.003975 0.0291 0.0036 0.0001125 0 0 0 0 0
0 0 0 0 0 0 0 0 7.5e-05 0.0012 7.5e-05 0 0 0 0 0 0
0 0 0 0 0 0 0 0 0 1.875e-05 0 0 0 0 0 0 0
0 0 0 0 0 0 0 0 0 0 0 0 0 0 0 0 0
0 0 0 0 0 0 0 0 0 0 0 0 0 0 0 0 0
0 0 0 0 0 0 0 0 0 0 0 0 0 0 0 0 0

 Prima:
0 0 0 0 0 0 0 0 0 0 0 0 0 0 0 0 0
0 0 0 0 0 0 0 0 0 0 0 0 0 0 0 0 0
0 0 0 0 0 0 0 0 0 0 0 0 0 0 0 0 0
0 0 0 0 0 0 0 0 0 0 0 0 0 0 0 0 0
0 0 0 0 0 0 0 0 0 0 0 0 0 0 0 0 0
0 0 0 0 0 3 0.15 0.0075 0.000375 1.875e-05 9.375e-07 0 0 0 0 0 0
0 0 0 0 0 0.15 2.415 0.391125 0.033075 0.00232969 0.00015 4.6875e-06 0 0 0 0 0
0 0 0 0 0 0.0075 0.391125 1.98611 0.534984 0.0729 0.00714844 0.0004125 9.375e-06 0 0 0 0
0 0 0 0 0 0.000375 0.033075 0.534984 1.6815 0.616622 0.11565 0.0112219 0.000525 9.375e-06 0 0 0
0 0 0 0 0 1.875e-05 0.00232969 0.0729 0.616622 1.45927 0.648019 0.1077 0.00844688 0.00031875 4.6875e-06 0 0
0 0 0 0 0 9.375e-07 0.00015 0.00714844 0.11565 0.648019 1.19739 0.332494 0.039675 0.00242344 7.5e-05 9.375e-07 0
0 0 0 0 0 0 4.6875e-06 0.0004125 0.0112219 0.1077 0.332494 0.0787125 0.00724688 0.0003 4.6875e-06 0 0
0 0 0 0 0 0 0 9.375e-06 0.000525 0.00844688 0.039675 0.00724688 0.00045 9.375e-06 0 0 0
0 0 0 0 0 0 0 0 9.375e-06 0.00031875 0.00242344 0.0003 9.375e-06 0 0 0 0
0 0 0 0 0 0 0 0 0 4.6875e-06 7.5e-05 4.6875e-06 0 0 0 0 0
0 0 0 0 0 0 0 0 0 0 9.375e-07 0 0 0 0 0 0
0 0 0 0 0 0 0 0 0 0 0 0 0 0 0 0 0

 Prima:
0 0 0 0 0 0 0 0 0 0 0 0 0 0 0 0 0
0 0 0 0 0 0 0 0 0 0 0 0 0 0 0 0 0
0 0 0 0 0 0 0 0 0 0 0 0 0 0 0 0 0
0 0 0 0 0 0 0 0 0 0 0 0 0 0 0 0 0
0 0 0 0 0 0 0 0 0 0 0 0 0 0 0 0 0
0 0 0 0 0 3 0.15 0.0075 0.000375 1.875e-05 9.375e-07 4.6875e-08 0 0 0 0 0
0 0 0 0 0 0.15 2.415 0.391125 0.033075 0.00232969 0.000150281 9.1875e-06 2.8125e-07 0 0 0 0
0 0 0 0 0 0.0075 0.391125 1.98611 0.534984 0.0729007 0.00717094 0.000594188 3.1875e-05 7.03125e-07 0 0 0
0 0 0 0 0 0.000375 0.033075 0.534984 1.6815 0.616667 0.116374 0.0151744 0.00124922 5.4375e-05 9.375e-07 0 0
0 0 0 0 0 1.875e-05 0.00232969 0.0729007 0.616667 1.46036 0.659764 0.156671 0.0201919 0.00140438 4.96875e-05 7.03125e-07 0
0 0 0 0 0 9.375e-07 0.000150281 0.00717094 0.116374 0.659764 1.29388 0.662416 0.136169 0.0141684 0.000799219 2.34375e-05 2.8125e-07
0 0 0 0 0 4.6875e-08 9.1875e-06 0.000594188 0.0151744 0.156671 0.662416 1.05596 0.337169 0.0492705 0.00395719 0.000181688 4.5e-06
0 0 0 0 0 0 2.8125e-07 3.1875e-05 0.00124922 0.0201919 0.136169 0.337169 0.0969441 0.0117544 0.000724219 2.25e-05 2.8125e-07
0 0 0 0 0 0 0 7.03125e-07 5.4375e-05 0.00140438 0.0141684 0.0492705 0.0117544 0.00108563 4.5e-05 7.03125e-07 0
0 0 0 0 0 0 0 0 9.375e-07 4.96875e-05 0.000799219 0.00395719 0.000724219 4.5e-05 9.375e-07 0 0
0 0 0 0 0 0 0 0 0 7.03125e-07 2.34375e-05 0.000181688 2.25e-05 7.03125e-07 0 0 0
0 0 0 0 0 0 0 0 0 0 2.8125e-07 4.5e-06 2.8125e-07 0 0 0 0

 Prima:
0 0 0 0 0 0 0 0 0 0 0 0 0 0 0 0 0
0 0 0 0 0 0 0 0 0 0 0 0 0 0 0 0 0
0 0 0 0 0 0 0 0 0 0 0 0 0 0 0 0 0
0 0 0 0 0 0 0 0 0 0 0 0 0 0 0 0 0
0 0 0 0 0 0 0 0 0 0 0 0 0 0 0 0 0
0 0 0 0 0 3 0.15 0.0075 0.000375 1.875e-05 9.375e-07 4.6875e-08 2.34375e-09 0 0 0 0
0 0 0 0 0 0.15 2.415 0.391125 0.033075 0.00232969 0.000150281 9.20391e-06 5.4375e-07 1.64063e-08 0 0 0
0 0 0 0 0 0.0075 0.391125 1.98611 0.534984 0.0729007 0.00717099 0.000595763 4.45898e-05 2.27813e-06 4.92188e-08 0 0
0 0 0 0 0 0.000375 0.033075 0.534984 1.6815 0.616667 0.116378 0.0152377 0.00159467 0.00011772 4.875e-06 8.20313e-08 0
0 0 0 0 0 1.875e-05 0.00232969 0.0729007 0.616667 1.46037 0.65989 0.158038 0.0258839 0.002772 0.000176262 5.95313e-06 8.20313e-08
0 0 0 0 0 9.375e-07 0.000150281 0.00717099 0.116378 0.65989 1.29593 0.679175 0.193214 0.0309282 0.00284672 0.000150012 4.21875e-06
0 0 0 0 0 4.6875e-08 9.20391e-06 0.000595763 0.0152377 0.158038 0.679175 1.16733 0.662067 0.160632 0.0207169 0.00154931 6.78445e-05
0 0 0 0 0 2.34375e-09 5.4375e-07 4.45898e-05 0.00159467 0.0258839 0.193214 0.662067 0.944729 0.336652 0.0577689 0.00571453 0.000345731
0 0 0 0 0 0 1.64063e-08 2.27813e-06 0.00011772 0.002772 0.0309282 0.160632 0.336652 0.112448 0.0168047 0.00136833 6.33445e-05
0 0 0 0 0 0 0 4.92188e-08 4.875e-06 0.000176262 0.00284672 0.0207169 0.0577689 0.0168047 0.00204844 0.000126574 3.9375e-06
0 0 0 0 0 0 0 0 8.20313e-08 5.95313e-06 0.000150012 0.00154931 0.00571453 0.00136833 0.000126574 5.25e-06 8.20313e-08
0 0 0 0 0 0 0 0 0 8.20313e-08 4.21875e-06 6.78445e-05 0.000345731 6.33445e-05 3.9375e-06 8.20313e-08 0

 Prima:
0 0 0 0 0 0 0 0 0 0 0 0 0 0 0 0 0
0 0 0 0 0 0 0 0 0 0 0 0 0 0 0 0 0
0 0 0 0 0 0 0 0 0 0 0 0 0 0 0 0 0
0 0 0 0 0 0 0 0 0 0 0 0 0 0 0 0 0
0 0 0 0 0 0 0 0 0 0 0 0 0 0 0 0 0
0 0 0 0 0 3 0.15 0.0075 0.000375 1.875e-05 9.375e-07 4.6875e-08 2.34375e-09 1.17188e-10 0 0 0
0 0 0 0 0 0.15 2.415 0.391125 0.033075 0.00232969 0.000150281 9.20391e-06 5.44688e-07 3.14063e-08 9.375e-10 0 0
0 0 0 0 0 0.0075 0.391125 1.98611 0.534984 0.0729007 0.00717099 0.000595766 4.46948e-05 3.12563e-06 1.54219e-07 3.28125e-09 0
0 0 0 0 0 0.000375 0.033075 0.534984 1.6815 0.616667 0.116378 0.015238 0.00159974 0.000145335 9.94125e-06 3.97031e-07 6.5625e-09
0 0 0 0 0 1.875e-05 0.00232969 0.0729007 0.616667 1.46037 0.659891 0.158051 0.0260205 0.00333993 0.000312867 1.86056e-05 6.07031e-07
0 0 0 0 0 9.375e-07 0.000150281 0.00717099 0.116378 0.659891 1.29595 0.679448 0.19544 0.0384881 0.0050729 0.000422487 2.10844e-05
0 0 0 0 0 4.6875e-08 9.20391e-06 0.000595766 0.015238 0.158051 0.679448 1.17065 0.684066 0.224474 0.0427158 0.00487594 0.00034032
0 0 0 0 0 2.34375e-09 5.44688e-07 4.46948e-05 0.00159974 0.0260205 0.19544 0.684066 1.06798 0.652949 0.181024 0.0277134 0.00257192
0 0 0 0 0 1.17188e-10 3.14063e-08 3.12563e-06 0.000145335 0.00333993 0.0384881 0.224474 0.652949 0.855655 0.333101 0.0652095 0.00762324
0 0 0 0 0 0 9.375e-10 1.54219e-07 9.94125e-06 0.000312867 0.0050729 0.0427158 0.181024 0.333101 0.125304 0.0221254 0.00223012
0 0 0 0 0 0 0 3.28125e-09 3.97031e-07 1.86056e-05 0.000422487 0.00487594 0.0277134 0.0652095 0.0221254 0.00333188 0.000272557
0 0 0 0 0 0 0 0 6.5625e-09 6.07031e-07 2.10844e-05 0.00034032 0.00257192 0.00762324 0.00223012 0.000272557 1.68656e-05

 Prima:
0 0 0 0 0 0 0 0 0 0 0 0 0 0 0 0 0
0 0 0 0 0 0 0 0 0 0 0 0 0 0 0 0 0
0 0 0 0 0 0 0 0 0 0 0 0 0 0 0 0 0
0 0 0 0 0 0 0 0 0 0 0 0 0 0 0 0 0
0 0 0 0 0 0 0 0 0 0 0 0 0 0 0 0 0
0 0 0 0 0 3 0.15 0.0075 0.000375 1.875e-05 9.375e-07 4.6875e-08 2.34375e-09 1.17188e-10 5.85938e-12 0 0
0 0 0 0 0 0.15 2.415 0.391125 0.033075 0.00232969 0.000150281 9.20391e-06 5.44688e-07 3.1459e-08 1.78125e-09 5.27344e-11 0
0 0 0 0 0 0.0075 0.391125 1.98611 0.534984 0.0729007 0.00717099 0.000595766 4.46951e-05 3.13238e-06 2.08693e-07 1.00313e-08 2.10938e-10
0 0 0 0 0 0.000375 0.033075 0.534984 1.6815 0.616667 0.116378 0.015238 0.00159976 0.000145714 1.20113e-05 7.7693e-07 3.01875e-08
0 0 0 0 0 1.875e-05 0.00232969 0.0729007 0.616667 1.46037 0.659891 0.158051 0.0260217 0.00335222 0.000363904 3.08906e-05 1.74546e-06
0 0 0 0 0 9.375e-07 0.000150281 0.00717099 0.116378 0.659891 1.29595 0.67945 0.195471 0.0387379 0.00592028 0.000672362 5.17024e-05
0 0 0 0 0 4.6875e-08 9.20391e-06 0.000595766 0.015238 0.158051 0.67945 1.17069 0.684563 0.227753 0.0522068 0.00815528 0.000837416
0 0 0 0 0 2.34375e-09 5.44688e-07 4.46951e-05 0.00159976 0.0260217 0.195471 0.684563 1.07287 0.68018 0.25049 0.054945 0.00746035
0 0 0 0 0 1.17188e-10 3.1459e-08 3.13238e-06 0.000145714 0.00335222 0.0387379 0.227753 0.68018 0.988089 0.638816 0.197643 0.0348548
0 0 0 0 0 5.85938e-12 1.78125e-09 2.08693e-07 1.20113e-05 0.000363904 0.00592028 0.0522068 0.25049 0.638816 0.783129 0.32784 0.0716958
0 0 0 0 0 0 5.27344e-11 1.00313e-08 7.7693e-07 3.08906e-05 0.000672362 0.00815528 0.054945 0.197643 0.32784 0.135766 0.0275041
0 0 0 0 0 0 0 2.10938e-10 3.01875e-08 1.74546e-06 5.17024e-05 0.000837416 0.00746035 0.0348548 0.0716958 0.0275041 0.0049053

 Prima:
0 0 0 0 0 0 0 0 0 0 0 0 0 0 0 0 0
0 0 0 0 0 0 0 0 0 0 0 0 0 0 0 0 0
0 0 0 0 0 0 0 0 0 0 0 0 0 0 0 0 0
0 0 0 0 0 0 0 0 0 0 0 0 0 0 0 0 0
0 0 0 0 0 0 0 0 0 0 0 0 0 0 0 0 0
0 0 0 0 0 3 0.15 0.0075 0.000375 1.875e-05 9.375e-07 4.6875e-08 2.34375e-09 1.17188e-10 5.85938e-12 2.92969e-13 0
0 0 0 0 0 0.15 2.415 0.391125 0.033075 0.00232969 0.000150281 9.20391e-06 5.44688e-07 3.1459e-08 1.78418e-09 9.96094e-11 2.92969e-12
0 0 0 0 0 0.0075 0.391125 1.98611 0.534984 0.0729007 0.00717099 0.000595766 4.46951e-05 3.13239e-06 2.09115e-07 1.34355e-08 6.32813e-10
0 0 0 0 0 0.000375 0.033075 0.534984 1.6815 0.616667 0.116378 0.015238 0.00159976 0.000145716 1.20384e-05 9.24727e-07 5.73193e-08
0 0 0 0 0 1.875e-05 0.00232969 0.0729007 0.616667 1.46037 0.659891 0.158051 0.0260217 0.00335231 0.000364928 3.51392e-05 2.76865e-06
0 0 0 0 0 9.375e-07 0.000150281 0.00717099 0.116378 0.659891 1.29595 0.67945 0.195471 0.038741 0.00594523 0.000756894 7.6652e-05
0 0 0 0 0 4.6875e-08 9.20391e-06 0.000595766 0.015238 0.158051 0.67945 1.17069 0.684568 0.227815 0.0526151 0.00933528 0.0012458
0 0 0 0 0 2.34375e-09 5.44688e-07 4.46951e-05 0.00159976 0.0260217 0.195471 0.684568 1.07296 0.68099 0.254987 0.0663813 0.0119573
0 0 0 0 0 1.17188e-10 3.1459e-08 3.13239e-06 0.000145716 0.00335231 0.038741 0.227815 0.68099 0.994773 0.671104 0.271699 0.0671434
0 0 0 0 0 5.85938e-12 1.78418e-09 2.09115e-07 1.20384e-05 0.000364928 0.00594523 0.0526151 0.254987 0.671104 0.922371 0.62202 0.210937
0 0 0 0 0 2.92969e-13 9.96094e-11 1.34355e-08 9.24727e-07 3.51392e-05 0.000756894 0.00933528 0.0663813 0.271699 0.62202 0.723169 0.321684
0 0 0 0 0 0 2.92969e-12 6.32813e-10 5.73193e-08 2.76865e-06 7.6652e-05 0.0012458 0.0119573 0.0671434 0.210937 0.321684 0.144147

 Prima:
0 0 0 0 0 0 0 0 0 0 0 0 0 0 0 0 0
0 0 0 0 0 0 0 0 0 0 0 0 0 0 0 0 0
0 0 0 0 0 0 0 0 0 0 0 0 0 0 0 0 0
0 0 0 0 0 0 0 0 0 0 0 0 0 0 0 0 0
0 0 0 0 0 0 0 0 0 0 0 0 0 0 0 0 0
0 0 0 0 0 3 0.15 0.0075 0.000375 1.875e-05 9.375e-07 4.6875e-08 2.34375e-09 1.17188e-10 5.85938e-12 2.92969e-13 1.46484e-14
0 0 0 0 0 0.15 2.415 0.391125 0.033075 0.00232969 0.000150281 9.20391e-06 5.44688e-07 3.1459e-08 1.78418e-09 9.97705e-11 5.50781e-12
0 0 0 0 0 0.0075 0.391125 1.98611 0.534984 0.0729007 0.00717099 0.000595766 4.46951e-05 3.13239e-06 2.09116e-07 1.34613e-08 8.40835e-10
0 0 0 0 0 0.000375 0.033075 0.534984 1.6815 0.616667 0.116378 0.015238 0.00159976 0.000145716 1.20385e-05 9.26592e-07 6.74771e-08
0 0 0 0 0 1.875e-05 0.00232969 0.0729007 0.616667 1.46037 0.659891 0.158051 0.0260217 0.00335231 0.000364935 3.52196e-05 3.1022e-06
0 0 0 0 0 9.375e-07 0.000150281 0.00717099 0.116378 0.659891 1.29595 0.67945 0.195471 0.038741 0.00594551 0.000759178 8.43871e-05
0 0 0 0 0 4.6875e-08 9.20391e-06 0.000595766 0.015238 0.158051 0.67945 1.17069 0.684568 0.227816 0.052622 0.00938008 0.00137513
0 0 0 0 0 2.34375e-09 5.44688e-07 4.46951e-05 0.00159976 0.0260217 0.195471 0.684568 1.07296 0.681001 0.255098 0.0669962 0.0135182
0 0 0 0 0 1.17188e-10 3.1459e-08 3.13239e-06 0.000145716 0.00335231 0.038741 0.227816 0.681001 0.99492 0.672318 0.277544 0.080504
0 0 0 0 0 5.85938e-12 1.78418e-09 2.09116e-07 1.20385e-05 0.000364935 0.00594551 0.052622 0.255098 0.672318 0.931027 0.659075 0.288692
0 0 0 0 0 2.92969e-13 9.97705e-11 1.34613e-08 9.26592e-07 3.52196e-05 0.000759178 0.00938008 0.0669962 0.277544 0.659075 0.867209 0.604025
0 0 0 0 0 1.46484e-14 5.50781e-12 8.40835e-10 6.74771e-08 3.1022e-06 8.43871e-05 0.00137513 0.0135182 0.080504 0.288692 0.604025 0.672906

 Prima:
0 0 0 0 0 0 0 0 0 0 0 0 0 0 0 0 0
0 0 0 0 0 0 0 0 0 0 0 0 0 0 0 0 0
0 0 0 0 0 0 0 0 0 0 0 0 0 0 0 0 0
0 0 0 0 0 0 0 0 0 0 0 0 0 0 0 0 0
0 0 0 0 0 0 0 0 0 0 0 0 0 0 0 0 0
0 0 0 0 0 3 0.15 0.0075 0.000375 1.875e-05 9.375e-07 4.6875e-08 2.34375e-09 1.17188e-10 5.85938e-12 2.92969e-13 1.46484e-14
0 0 0 0 0 0.15 2.415 0.391125 0.033075 0.00232969 0.000150281 9.20391e-06 5.44688e-07 3.1459e-08 1.78418e-09 9.97705e-11 5.5166e-12
0 0 0 0 0 0.0075 0.391125 1.98611 0.534984 0.0729007 0.00717099 0.000595766 4.46951e-05 3.13239e-06 2.09116e-07 1.34614e-08 8.42382e-10
0 0 0 0 0 0.000375 0.033075 0.534984 1.6815 0.616667 0.116378 0.015238 0.00159976 0.000145716 1.20385e-05 9.26599e-07 6.76015e-08
0 0 0 0 0 1.875e-05 0.00232969 0.0729007 0.616667 1.46037 0.659891 0.158051 0.0260217 0.00335231 0.000364935 3.52201e-05 3.10822e-06
0 0 0 0 0 9.375e-07 0.000150281 0.00717099 0.116378 0.659891 1.29595 0.67945 0.195471 0.038741 0.00594552 0.000759202 8.45828e-05
0 0 0 0 0 4.6875e-08 9.20391e-06 0.000595766 0.015238 0.158051 0.67945 1.17069 0.684568 0.227816 0.052622 0.00938077 0.0013796
0 0 0 0 0 2.34375e-09 5.44688e-07 4.46951e-05 0.00159976 0.0260217 0.195471 0.684568 1.07296 0.681001 0.255099 0.0670095 0.0135917
0 0 0 0 0 1.17188e-10 3.1459e-08 3.13239e-06 0.000145716 0.00335231 0.038741 0.227816 0.681001 0.994922 0.67234 0.277725 0.081374
0 0 0 0 0 5.85938e-12 1.78418e-09 2.09116e-07 1.20385e-05 0.000364935 0.00594552 0.052622 0.255099 0.67234 0.931268 0.660784 0.29598
0 0 0 0 0 2.92969e-13 9.97705e-11 1.34614e-08 9.26599e-07 3.52201e-05 0.000759202 0.00938077 0.0670095 0.277725 0.660784 0.877961 0.645484
0 0 0 0 0 1.46484e-14 5.5166e-12 8.42382e-10 6.76015e-08 3.10822e-06 8.45828e-05 0.0013796 0.0135917 0.081374 0.29598 0.645484 0.820077

 Prima:
0 0 0 0 0 0 0 0 0 0 0 0 0 0 0 0 0
0 0 0 0 0 0 0 0 0 0 0 0 0 0 0 0 0
0 0 0 0 0 0 0 0 0 0 0 0 0 0 0 0 0
0 0 0 0 0 0 0 0 0 0 0 0 0 0 0 0 0
0 0 0 0 0 0 0 0 0 0 0 0 0 0 0 0 0
0 0 0 0 0 3 0.15 0.0075 0.000375 1.875e-05 9.375e-07 4.6875e-08 2.34375e-09 1.17188e-10 5.85938e-12 2.92969e-13 1.46484e-14
0 0 0 0 0 0.15 2.415 0.391125 0.033075 0.00232969 0.000150281 9.20391e-06 5.44688e-07 3.1459e-08 1.78418e-09 9.97705e-11 5.5166e-12
0 0 0 0 0 0.0075 0.391125 1.98611 0.534984 0.0729007 0.00717099 0.000595766 4.46951e-05 3.13239e-06 2.09116e-07 1.34614e-08 8.42385e-10
0 0 0 0 0 0.000375 0.033075 0.534984 1.6815 0.616667 0.116378 0.015238 0.00159976 0.000145716 1.20385e-05 9.26599e-07 6.7602e-08
0 0 0 0 0 1.875e-05 0.00232969 0.0729007 0.616667 1.46037 0.659891 0.158051 0.0260217 0.00335231 0.000364935 3.52201e-05 3.10826e-06
0 0 0 0 0 9.375e-07 0.000150281 0.00717099 0.116378 0.659891 1.29595 0.67945 0.195471 0.038741 0.00594552 0.000759202 8.45847e-05
0 0 0 0 0 4.6875e-08 9.20391e-06 0.000595766 0.015238 0.158051 0.67945 1.17069 0.684568 0.227816 0.052622 0.00938077 0.00137967
0 0 0 0 0 2.34375e-09 5.44688e-07 4.46951e-05 0.00159976 0.0260217 0.195471 0.684568 1.07296 0.681001 0.255099 0.0670097 0.0135931
0 0 0 0 0 1.17188e-10 3.1459e-08 3.13239e-06 0.000145716 0.00335231 0.038741 0.227816 0.681001 0.994922 0.672341 0.277728 0.0813974
0 0 0 0 0 5.85938e-12 1.78418e-09 2.09116e-07 1.20385e-05 0.000364935 0.00594552 0.052622 0.255099 0.672341 0.931272 0.660823 0.296255
0 0 0 0 0 2.92969e-13 9.97705e-11 1.34614e-08 9.26599e-07 3.52201e-05 0.000759202 0.00938077 0.0670097 0.277728 0.660823 0.878327 0.647774
0 0 0 0 0 1.46484e-14 5.5166e-12 8.42385e-10 6.7602e-08 3.10826e-06 8.45847e-05 0.00137967 0.0135931 0.0813974 0.296255 0.647774 0.832996

 Prima:
0 0 0 0 0 0 0 0 0 0 0 0 0 0 0 0 0
0 0 0 0 0 0 0 0 0 0 0 0 0 0 0 0 0
0 0 0 0 0 0 0 0 0 0 0 0 0 0 0 0 0
0 0 0 0 0 0 0 0 0 0 0 0 0 0 0 0 0
0 0 0 0 0 0 0 0 0 0 0 0 0 0 0 0 0
0 0 0 0 0 3 0.15 0.0075 0.000375 1.875e-05 9.375e-07 4.6875e-08 2.34375e-09 1.17188e-10 5.85938e-12 2.92969e-13 1.46484e-14
0 0 0 0 0 0.15 2.415 0.391125 0.033075 0.00232969 0.000150281 9.20391e-06 5.44688e-07 3.1459e-08 1.78418e-09 9.97705e-11 5.5166e-12
0 0 0 0 0 0.0075 0.391125 1.98611 0.534984 0.0729007 0.00717099 0.000595766 4.46951e-05 3.13239e-06 2.09116e-07 1.34614e-08 8.42385e-10
0 0 0 0 0 0.000375 0.033075 0.534984 1.6815 0.616667 0.116378 0.015238 0.00159976 0.000145716 1.20385e-05 9.26599e-07 6.7602e-08
0 0 0 0 0 1.875e-05 0.00232969 0.0729007 0.616667 1.46037 0.659891 0.158051 0.0260217 0.00335231 0.000364935 3.52201e-05 3.10826e-06
0 0 0 0 0 9.375e-07 0.000150281 0.00717099 0.116378 0.659891 1.29595 0.67945 0.195471 0.038741 0.00594552 0.000759202 8.45847e-05
0 0 0 0 0 4.6875e-08 9.20391e-06 0.000595766 0.015238 0.158051 0.67945 1.17069 0.684568 0.227816 0.052622 0.00938077 0.00137967
0 0 0 0 0 2.34375e-09 5.44688e-07 4.46951e-05 0.00159976 0.0260217 0.195471 0.684568 1.07296 0.681001 0.255099 0.0670097 0.0135931
0 0 0 0 0 1.17188e-10 3.1459e-08 3.13239e-06 0.000145716 0.00335231 0.038741 0.227816 0.681001 0.994922 0.672341 0.277728 0.0813978
0 0 0 0 0 5.85938e-12 1.78418e-09 2.09116e-07 1.20385e-05 0.000364935 0.00594552 0.052622 0.255099 0.672341 0.931272 0.660823 0.296261
0 0 0 0 0 2.92969e-13 9.97705e-11 1.34614e-08 9.26599e-07 3.52201e-05 0.000759202 0.00938077 0.0670097 0.277728 0.660823 0.878334 0.647837
0 0 0 0 0 1.46484e-14 5.5166e-12 8.42385e-10 6.7602e-08 3.10826e-06 8.45847e-05 0.00137967 0.0135931 0.0813978 0.296261 0.647837 0.833521

 Prima:
0 0 0 0 0 0 0 0 0 0 0 0 0 0 0 0 0
0 0 0 0 0 0 0 0 0 0 0 0 0 0 0 0 0
0 0 0 0 0 0 0 0 0 0 0 0 0 0 0 0 0
0 0 0 0 0 0 0 0 0 0 0 0 0 0 0 0 0
0 0 0 0 0 0 0 0 0 0 0 0 0 0 0 0 0
0 0 0 0 0 3 0.15 0.0075 0.000375 1.875e-05 9.375e-07 4.6875e-08 2.34375e-09 1.17188e-10 5.85938e-12 2.92969e-13 1.46484e-14
0 0 0 0 0 0.15 2.415 0.391125 0.033075 0.00232969 0.000150281 9.20391e-06 5.44688e-07 3.1459e-08 1.78418e-09 9.97705e-11 5.5166e-12
0 0 0 0 0 0.0075 0.391125 1.98611 0.534984 0.0729007 0.00717099 0.000595766 4.46951e-05 3.13239e-06 2.09116e-07 1.34614e-08 8.42385e-10
0 0 0 0 0 0.000375 0.033075 0.534984 1.6815 0.616667 0.116378 0.015238 0.00159976 0.000145716 1.20385e-05 9.26599e-07 6.7602e-08
0 0 0 0 0 1.875e-05 0.00232969 0.0729007 0.616667 1.46037 0.659891 0.158051 0.0260217 0.00335231 0.000364935 3.52201e-05 3.10826e-06
0 0 0 0 0 9.375e-07 0.000150281 0.00717099 0.116378 0.659891 1.29595 0.67945 0.195471 0.038741 0.00594552 0.000759202 8.45847e-05
0 0 0 0 0 4.6875e-08 9.20391e-06 0.000595766 0.015238 0.158051 0.67945 1.17069 0.684568 0.227816 0.052622 0.00938077 0.00137967
0 0 0 0 0 2.34375e-09 5.44688e-07 4.46951e-05 0.00159976 0.0260217 0.195471 0.684568 1.07296 0.681001 0.255099 0.0670097 0.0135931
0 0 0 0 0 1.17188e-10 3.1459e-08 3.13239e-06 0.000145716 0.00335231 0.038741 0.227816 0.681001 0.994922 0.672341 0.277728 0.0813978
0 0 0 0 0 5.85938e-12 1.78418e-09 2.09116e-07 1.20385e-05 0.000364935 0.00594552 0.052622 0.255099 0.672341 0.931272 0.660823 0.296261
0 0 0 0 0 2.92969e-13 9.97705e-11 1.34614e-08 9.26599e-07 3.52201e-05 0.000759202 0.00938077 0.0670097 0.277728 0.660823 0.878334 0.647838
0 0 0 0 0 1.46484e-14 5.5166e-12 8.42385e-10 6.7602e-08 3.10826e-06 8.45847e-05 0.00137967 0.0135931 0.0813978 0.296261 0.647838 0.833533

 Prima:
0 0 0 0 0 0 0 0 0 0 0 0 0 0 0 0 0
0 0 0 0 0 0 0 0 0 0 0 0 0 0 0 0 0
0 0 0 0 0 0 0 0 0 0 0 0 0 0 0 0 0
0 0 0 0 0 0 0 0 0 0 0 0 0 0 0 0 0
0 0 0 0 0 0 0 0 0 0 0 0 0 0 0 0 0
0 0 0 0 0 3 0.15 0.0075 0.000375 1.875e-05 9.375e-07 4.6875e-08 2.34375e-09 1.17188e-10 5.85938e-12 2.92969e-13 1.46484e-14
0 0 0 0 0 0.15 2.415 0.391125 0.033075 0.00232969 0.000150281 9.20391e-06 5.44688e-07 3.1459e-08 1.78418e-09 9.97705e-11 5.5166e-12
0 0 0 0 0 0.0075 0.391125 1.98611 0.534984 0.0729007 0.00717099 0.000595766 4.46951e-05 3.13239e-06 2.09116e-07 1.34614e-08 8.42385e-10
0 0 0 0 0 0.000375 0.033075 0.534984 1.6815 0.616667 0.116378 0.015238 0.00159976 0.000145716 1.20385e-05 9.26599e-07 6.7602e-08
0 0 0 0 0 1.875e-05 0.00232969 0.0729007 0.616667 1.46037 0.659891 0.158051 0.0260217 0.00335231 0.000364935 3.52201e-05 3.10826e-06
0 0 0 0 0 9.375e-07 0.000150281 0.00717099 0.116378 0.659891 1.29595 0.67945 0.195471 0.038741 0.00594552 0.000759202 8.45847e-05
0 0 0 0 0 4.6875e-08 9.20391e-06 0.000595766 0.015238 0.158051 0.67945 1.17069 0.684568 0.227816 0.052622 0.00938077 0.00137967
0 0 0 0 0 2.34375e-09 5.44688e-07 4.46951e-05 0.00159976 0.0260217 0.195471 0.684568 1.07296 0.681001 0.255099 0.0670097 0.0135931
0 0 0 0 0 1.17188e-10 3.1459e-08 3.13239e-06 0.000145716 0.00335231 0.038741 0.227816 0.681001 0.994922 0.672341 0.277728 0.0813978
0 0 0 0 0 5.85938e-12 1.78418e-09 2.09116e-07 1.20385e-05 0.000364935 0.00594552 0.052622 0.255099 0.672341 0.931272 0.660823 0.296261
0 0 0 0 0 2.92969e-13 9.97705e-11 1.34614e-08 9.26599e-07 3.52201e-05 0.000759202 0.00938077 0.0670097 0.277728 0.660823 0.878334 0.647838
0 0 0 0 0 1.46484e-14 5.5166e-12 8.42385e-10 6.7602e-08 3.10826e-06 8.45847e-05 0.00137967 0.0135931 0.0813978 0.296261 0.647838 0.833533

 Prima:
0 0 0 0 0 0 0 0 0 0 0 0 0 0 0 0 0
0 0 0 0 0 0 0 0 0 0 0 0 0 0 0 0 0
0 0 0 0 0 0 0 0 0 0 0 0 0 0 0 0 0
0 0 0 0 0 0 0 0 0 0 0 0 0 0 0 0 0
0 0 0 0 0 0 0 0 0 0 0 0 0 0 0 0 0
0 0 0 0 0 3 0.15 0.0075 0.000375 1.875e-05 9.375e-07 4.6875e-08 2.34375e-09 1.17188e-10 5.85938e-12 2.92969e-13 1.46484e-14
0 0 0 0 0 0.15 2.415 0.391125 0.033075 0.00232969 0.000150281 9.20391e-06 5.44688e-07 3.1459e-08 1.78418e-09 9.97705e-11 5.5166e-12
0 0 0 0 0 0.0075 0.391125 1.98611 0.534984 0.0729007 0.00717099 0.000595766 4.46951e-05 3.13239e-06 2.09116e-07 1.34614e-08 8.42385e-10
0 0 0 0 0 0.000375 0.033075 0.534984 1.6815 0.616667 0.116378 0.015238 0.00159976 0.000145716 1.20385e-05 9.26599e-07 6.7602e-08
0 0 0 0 0 1.875e-05 0.00232969 0.0729007 0.616667 1.46037 0.659891 0.158051 0.0260217 0.00335231 0.000364935 3.52201e-05 3.10826e-06
0 0 0 0 0 9.375e-07 0.000150281 0.00717099 0.116378 0.659891 1.29595 0.67945 0.195471 0.038741 0.00594552 0.000759202 8.45847e-05
0 0 0 0 0 4.6875e-08 9.20391e-06 0.000595766 0.015238 0.158051 0.67945 1.17069 0.684568 0.227816 0.052622 0.00938077 0.00137967
0 0 0 0 0 2.34375e-09 5.44688e-07 4.46951e-05 0.00159976 0.0260217 0.195471 0.684568 1.07296 0.681001 0.255099 0.0670097 0.0135931
0 0 0 0 0 1.17188e-10 3.1459e-08 3.13239e-06 0.000145716 0.00335231 0.038741 0.227816 0.681001 0.994922 0.672341 0.277728 0.0813978
0 0 0 0 0 5.85938e-12 1.78418e-09 2.09116e-07 1.20385e-05 0.000364935 0.00594552 0.052622 0.255099 0.672341 0.931272 0.660823 0.296261
0 0 0 0 0 2.92969e-13 9.97705e-11 1.34614e-08 9.26599e-07 3.52201e-05 0.000759202 0.00938077 0.0670097 0.277728 0.660823 0.878334 0.647838
0 0 0 0 0 1.46484e-14 5.5166e-12 8.42385e-10 6.7602e-08 3.10826e-06 8.45847e-05 0.00137967 0.0135931 0.0813978 0.296261 0.647838 0.833533

 Prima:
0 0 0 0 0 0 0 0 0 0 0 0 0 0 0 0 0
0 0 0 0 0 0 0 0 0 0 0 0 0 0 0 0 0
0 0 0 0 0 0 0 0 0 0 0 0 0 0 0 0 0
0 0 0 0 0 0 0 0 0 0 0 0 0 0 0 0 0
0 0 0 0 0 0 0 0 0 0 0 0 0 0 0 0 0
0 0 0 0 0 3 0.15 0.0075 0.000375 1.875e-05 9.375e-07 4.6875e-08 2.34375e-09 1.17188e-10 5.85938e-12 2.92969e-13 1.46484e-14
0 0 0 0 0 0.15 2.415 0.391125 0.033075 0.00232969 0.000150281 9.20391e-06 5.44688e-07 3.1459e-08 1.78418e-09 9.97705e-11 5.5166e-12
0 0 0 0 0 0.0075 0.391125 1.98611 0.534984 0.0729007 0.00717099 0.000595766 4.46951e-05 3.13239e-06 2.09116e-07 1.34614e-08 8.42385e-10
0 0 0 0 0 0.000375 0.033075 0.534984 1.6815 0.616667 0.116378 0.015238 0.00159976 0.000145716 1.20385e-05 9.26599e-07 6.7602e-08
0 0 0 0 0 1.875e-05 0.00232969 0.0729007 0.616667 1.46037 0.659891 0.158051 0.0260217 0.00335231 0.000364935 3.52201e-05 3.10826e-06
0 0 0 0 0 9.375e-07 0.000150281 0.00717099 0.116378 0.659891 1.29595 0.67945 0.195471 0.038741 0.00594552 0.000759202 8.45847e-05
0 0 0 0 0 4.6875e-08 9.20391e-06 0.000595766 0.015238 0.158051 0.67945 1.17069 0.684568 0.227816 0.052622 0.00938077 0.00137967
0 0 0 0 0 2.34375e-09 5.44688e-07 4.46951e-05 0.00159976 0.0260217 0.195471 0.684568 1.07296 0.681001 0.255099 0.0670097 0.0135931
0 0 0 0 0 1.17188e-10 3.1459e-08 3.13239e-06 0.000145716 0.00335231 0.038741 0.227816 0.681001 0.994922 0.672341 0.277728 0.0813978
0 0 0 0 0 5.85938e-12 1.78418e-09 2.09116e-07 1.20385e-05 0.000364935 0.00594552 0.052622 0.255099 0.672341 0.931272 0.660823 0.296261
0 0 0 0 0 2.92969e-13 9.97705e-11 1.34614e-08 9.26599e-07 3.52201e-05 0.000759202 0.00938077 0.0670097 0.277728 0.660823 0.878334 0.647838
0 0 0 0 0 1.46484e-14 5.5166e-12 8.42385e-10 6.7602e-08 3.10826e-06 8.45847e-05 0.00137967 0.0135931 0.0813978 0.296261 0.647838 0.833533

 Prima:
0 0 0 0 0 0 0 0 0 0 0 0 0 0 0 0 0
0 0 0 0 0 0 0 0 0 0 0 0 0 0 0 0 0
0 0 0 0 0 0 0 0 0 0 0 0 0 0 0 0 0
0 0 0 0 0 0 0 0 0 0 0 0 0 0 0 0 0
0 0 0 0 0 0 0 0 0 0 0 0 0 0 0 0 0
0 0 0 0 0 3 0.15 0.0075 0.000375 1.875e-05 9.375e-07 4.6875e-08 2.34375e-09 1.17188e-10 5.85938e-12 2.92969e-13 1.46484e-14
0 0 0 0 0 0.15 2.415 0.391125 0.033075 0.00232969 0.000150281 9.20391e-06 5.44688e-07 3.1459e-08 1.78418e-09 9.97705e-11 5.5166e-12
0 0 0 0 0 0.0075 0.391125 1.98611 0.534984 0.0729007 0.00717099 0.000595766 4.46951e-05 3.13239e-06 2.09116e-07 1.34614e-08 8.42385e-10
0 0 0 0 0 0.000375 0.033075 0.534984 1.6815 0.616667 0.116378 0.015238 0.00159976 0.000145716 1.20385e-05 9.26599e-07 6.7602e-08
0 0 0 0 0 1.875e-05 0.00232969 0.0729007 0.616667 1.46037 0.659891 0.158051 0.0260217 0.00335231 0.000364935 3.52201e-05 3.10826e-06
0 0 0 0 0 9.375e-07 0.000150281 0.00717099 0.116378 0.659891 1.29595 0.67945 0.195471 0.038741 0.00594552 0.000759202 8.45847e-05
0 0 0 0 0 4.6875e-08 9.20391e-06 0.000595766 0.015238 0.158051 0.67945 1.17069 0.684568 0.227816 0.052622 0.00938077 0.00137967
0 0 0 0 0 2.34375e-09 5.44688e-07 4.46951e-05 0.00159976 0.0260217 0.195471 0.684568 1.07296 0.681001 0.255099 0.0670097 0.0135931
0 0 0 0 0 1.17188e-10 3.1459e-08 3.13239e-06 0.000145716 0.00335231 0.038741 0.227816 0.681001 0.994922 0.672341 0.277728 0.0813978
0 0 0 0 0 5.85938e-12 1.78418e-09 2.09116e-07 1.20385e-05 0.000364935 0.00594552 0.052622 0.255099 0.672341 0.931272 0.660823 0.296261
0 0 0 0 0 2.92969e-13 9.97705e-11 1.34614e-08 9.26599e-07 3.52201e-05 0.000759202 0.00938077 0.0670097 0.277728 0.660823 0.878334 0.647838
0 0 0 0 0 1.46484e-14 5.5166e-12 8.42385e-10 6.7602e-08 3.10826e-06 8.45847e-05 0.00137967 0.0135931 0.0813978 0.296261 0.647838 0.833533

 Prima:
8.80985e-21 0 0 0 0 0 0 0 0 0 0 0 0 0 0 0 0
0 0 0 0 0 0 0 0 0 0 0 0 0 0 0 0 0
0 0 0 0 0 0 0 0 0 0 0 0 0 0 0 0 0
0 0 0 0 0 0 0 0 0 0 0 0 0 0 0 0 0
0 0 0 0 0 0 0 0 0 0 0 0 0 0 0 0 0
0 0 0 0 0 3 0.15 0.0075 0.000375 1.875e-05 9.375e-07 4.6875e-08 2.34375e-09 1.17188e-10 5.85938e-12 2.92969e-13 1.46484e-14
0 0 0 0 0 0.15 2.415 0.391125 0.033075 0.00232969 0.000150281 9.20391e-06 5.44688e-07 3.1459e-08 1.78418e-09 9.97705e-11 5.5166e-12
0 0 0 0 0 0.0075 0.391125 1.98611 0.534984 0.0729007 0.00717099 0.000595766 4.46951e-05 3.13239e-06 2.09116e-07 1.34614e-08 8.42385e-10
0 0 0 0 0 0.000375 0.033075 0.534984 1.6815 0.616667 0.116378 0.015238 0.00159976 0.000145716 1.20385e-05 9.26599e-07 6.7602e-08
0 0 0 0 0 1.875e-05 0.00232969 0.0729007 0.616667 1.46037 0.659891 0.158051 0.0260217 0.00335231 0.000364935 3.52201e-05 3.10826e-06
0 0 0 0 0 9.375e-07 0.000150281 0.00717099 0.116378 0.659891 1.29595 0.67945 0.195471 0.038741 0.00594552 0.000759202 8.45847e-05
0 0 0 0 0 4.6875e-08 9.20391e-06 0.000595766 0.015238 0.158051 0.67945 1.17069 0.684568 0.227816 0.052622 0.00938077 0.00137967
0 0 0 0 0 2.34375e-09 5.44688e-07 4.46951e-05 0.00159976 0.0260217 0.195471 0.684568 1.07296 0.681001 0.255099 0.0670097 0.0135931
0 0 0 0 0 1.17188e-10 3.1459e-08 3.13239e-06 0.000145716 0.00335231 0.038741 0.227816 0.681001 0.994922 0.672341 0.277728 0.0813978
0 0 0 0 0 5.85938e-12 1.78418e-09 2.09116e-07 1.20385e-05 0.000364935 0.00594552 0.052622 0.255099 0.672341 0.931272 0.660823 0.296261
0 0 0 0 0 2.92969e-13 9.97705e-11 1.34614e-08 9.26599e-07 3.52201e-05 0.000759202 0.00938077 0.0670097 0.277728 0.660823 0.878334 0.647838
0 0 0 0 0 1.46484e-14 5.5166e-12 8.42385e-10 6.7602e-08 3.10826e-06 8.45847e-05 0.00137967 0.0135931 0.0813978 0.296261 0.647838 0.833533

 Prima:
1.49767e-19 0 4.40493e-22 2.20246e-22 1.04327e-22 4.63676e-23 1.90926e-23 7.15971e-24 2.38657e-24 6.81877e-25 1.57356e-25 2.6226e-26 2.38419e-27 0 0 0 0
0 0 0 0 0 0 0 0 0 0 0 0 0 0 0 0 0
4.40493e-22 0 0 0 0 0 0 0 0 0 0 0 0 0 0 0 0
2.20246e-22 0 0 0 0 0 0 0 0 0 0 0 0 0 0 0 0
1.04327e-22 0 0 0 0 0 0 0 0 0 0 0 0 0 0 0 0
4.63676e-23 0 0 0 0 3 0.15 0.0075 0.000375 1.875e-05 9.375e-07 4.6875e-08 2.34375e-09 1.17188e-10 5.85938e-12 2.92969e-13 1.46484e-14
1.90926e-23 0 0 0 0 0.15 2.415 0.391125 0.033075 0.00232969 0.000150281 9.20391e-06 5.44688e-07 3.1459e-08 1.78418e-09 9.97705e-11 5.5166e-12
7.15971e-24 0 0 0 0 0.0075 0.391125 1.98611 0.534984 0.0729007 0.00717099 0.000595766 4.46951e-05 3.13239e-06 2.09116e-07 1.34614e-08 8.42385e-10
2.38657e-24 0 0 0 0 0.000375 0.033075 0.534984 1.6815 0.616667 0.116378 0.015238 0.00159976 0.000145716 1.20385e-05 9.26599e-07 6.7602e-08
6.81877e-25 0 0 0 0 1.875e-05 0.00232969 0.0729007 0.616667 1.46037 0.659891 0.158051 0.0260217 0.00335231 0.000364935 3.52201e-05 3.10826e-06
1.57356e-25 0 0 0 0 9.375e-07 0.000150281 0.00717099 0.116378 0.659891 1.29595 0.67945 0.195471 0.038741 0.00594552 0.000759202 8.45847e-05
2.6226e-26 0 0 0 0 4.6875e-08 9.20391e-06 0.000595766 0.015238 0.158051 0.67945 1.17069 0.684568 0.227816 0.052622 0.00938077 0.00137967
2.38419e-27 0 0 0 0 2.34375e-09 5.44688e-07 4.46951e-05 0.00159976 0.0260217 0.195471 0.684568 1.07296 0.681001 0.255099 0.0670097 0.0135931
0 0 0 0 0 1.17188e-10 3.1459e-08 3.13239e-06 0.000145716 0.00335231 0.038741 0.227816 0.681001 0.994922 0.672341 0.277728 0.0813978
0 0 0 0 0 5.85938e-12 1.78418e-09 2.09116e-07 1.20385e-05 0.000364935 0.00594552 0.052622 0.255099 0.672341 0.931272 0.660823 0.296261
0 0 0 0 0 2.92969e-13 9.97705e-11 1.34614e-08 9.26599e-07 3.52201e-05 0.000759202 0.00938077 0.0670097 0.277728 0.660823 0.878334 0.647838
0 0 0 0 0 1.46484e-14 5.5166e-12 8.42385e-10 6.7602e-08 3.10826e-06 8.45847e-05 0.00137967 0.0135931 0.0813978 0.296261 0.647838 0.833533

 Prima:
1.33542e-18 0 7.5104e-21 3.94241e-21 1.99671e-21 9.58651e-22 4.32276e-22 1.80868e-22 6.90912e-23 2.35589e-23 6.9381e-24 1.67584e-24 3.03388e-25 3.40939e-26 1.3113e-27 0 0
0 0 0 0 0 0 0 0 0 0 0 0 0 0 0 0 0
7.5104e-21 0 0 2.20246e-23 1.10123e-23 5.21636e-24 2.31838e-24 9.54628e-25 3.57985e-25 1.19328e-25 3.40939e-26 7.86781e-27 1.3113e-27 1.19209e-28 0 0 0
3.94241e-21 0 2.20246e-23 0 0 0 0 0 0 0 0 0 0 0 0 0 0
1.99671e-21 0 1.10123e-23 0 0 0 0 0 0 0 0 0 0 0 0 0 0
9.58651e-22 0 5.21636e-24 0 0 3 0.15 0.0075 0.000375 1.875e-05 9.375e-07 4.6875e-08 2.34375e-09 1.17188e-10 5.85938e-12 2.92969e-13 1.46484e-14
4.32276e-22 0 2.31838e-24 0 0 0.15 2.415 0.391125 0.033075 0.00232969 0.000150281 9.20391e-06 5.44688e-07 3.1459e-08 1.78418e-09 9.97705e-11 5.5166e-12
1.80868e-22 0 9.54628e-25 0 0 0.0075 0.391125 1.98611 0.534984 0.0729007 0.00717099 0.000595766 4.46951e-05 3.13239e-06 2.09116e-07 1.34614e-08 8.42385e-10
6.90912e-23 0 3.57985e-25 0 0 0.000375 0.033075 0.534984 1.6815 0.616667 0.116378 0.015238 0.00159976 0.000145716 1.20385e-05 9.26599e-07 6.7602e-08
2.35589e-23 0 1.19328e-25 0 0 1.875e-05 0.00232969 0.0729007 0.616667 1.46037 0.659891 0.158051 0.0260217 0.00335231 0.000364935 3.52201e-05 3.10826e-06
6.9381e-24 0 3.40939e-26 0 0 9.375e-07 0.000150281 0.00717099 0.116378 0.659891 1.29595 0.67945 0.195471 0.038741 0.00594552 0.000759202 8.45847e-05
1.67584e-24 0 7.86781e-27 0 0 4.6875e-08 9.20391e-06 0.000595766 0.015238 0.158051 0.67945 1.17069 0.684568 0.227816 0.052622 0.00938077 0.00137967
3.03388e-25 0 1.3113e-27 0 0 2.34375e-09 5.44688e-07 4.46951e-05 0.00159976 0.0260217 0.195471 0.684568 1.07296 0.681001 0.255099 0.0670097 0.0135931
3.40939e-26 0 1.19209e-28 0 0 1.17188e-10 3.1459e-08 3.13239e-06 0.000145716 0.00335231 0.038741 0.227816 0.681001 0.994922 0.672341 0.277728 0.0813978
1.3113e-27 0 0 0 0 5.85938e-12 1.78418e-09 2.09116e-07 1.20385e-05 0.000364935 0.00594552 0.052622 0.255099 0.672341 0.931272 0.660823 0.296261
0 0 0 0 0 2.92969e-13 9.97705e-11 1.34614e-08 9.26599e-07 3.52201e-05 0.000759202 0.00938077 0.0670097 0.277728 0.660823 0.878334 0.647838
0 0 0 0 0 1.46484e-14 5.5166e-12 8.42385e-10 6.7602e-08 3.10826e-06 8.45847e-05 0.00137967 0.0135931 0.0813978 0.296261 0.647838 0.833533

 Prima:
8.31011e-18 0 6.71465e-20 3.67745e-20 1.97063e-20 1.0087e-20 4.89787e-21 2.23586e-21 9.48515e-22 3.68244e-22 1.28111e-22 3.87565e-23 9.74218e-24 1.88887e-24 2.46459e-25 1.61946e-26 3.93391e-28
0 0 0 0 0 0 0 0 0 0 0 0 0 0 0 0 0
6.71465e-20 0 0 3.7552e-22 1.98222e-22 1.00386e-22 4.81934e-23 2.17297e-23 9.09113e-24 3.47246e-24 1.18391e-24 3.4861e-25 8.41856e-26 1.52349e-26 1.71065e-27 6.55651e-29 0
3.67745e-20 0 3.7552e-22 2.20246e-24 1.81703e-23 1.01719e-23 4.83962e-24 2.16326e-24 8.97521e-25 3.40086e-25 1.15067e-25 3.36349e-26 8.06451e-27 1.44839e-27 1.60933e-28 5.96046e-30 0
1.97063e-20 0 1.98222e-22 1.81703e-23 2.20246e-24 5.50616e-25 2.60818e-25 1.15919e-25 4.77314e-26 1.78993e-26 5.96642e-27 1.70469e-27 3.93391e-28 6.55651e-29 5.96046e-30 0 0
1.0087e-20 0 1.00386e-22 1.01719e-23 5.50616e-25 3 0.15 0.0075 0.000375 1.875e-05 9.375e-07 4.6875e-08 2.34375e-09 1.17188e-10 5.85938e-12 2.92969e-13 1.46484e-14
4.89787e-21 0 4.81934e-23 4.83962e-24 2.60818e-25 0.15 2.415 0.391125 0.033075 0.00232969 0.000150281 9.20391e-06 5.44688e-07 3.1459e-08 1.78418e-09 9.97705e-11 5.5166e-12
2.23586e-21 0 2.17297e-23 2.16326e-24 1.15919e-25 0.0075 0.391125 1.98611 0.534984 0.0729007 0.00717099 0.000595766 4.46951e-05 3.13239e-06 2.09116e-07 1.34614e-08 8.42385e-10
9.48515e-22 0 9.09113e-24 8.97521e-25 4.77314e-26 0.000375 0.033075 0.534984 1.6815 0.616667 0.116378 0.015238 0.00159976 0.000145716 1.20385e-05 9.26599e-07 6.7602e-08
3.68244e-22 0 3.47246e-24 3.40086e-25 1.78993e-26 1.875e-05 0.00232969 0.0729007 0.616667 1.46037 0.659891 0.158051 0.0260217 0.00335231 0.000364935 3.52201e-05 3.10826e-06
1.28111e-22 0 1.18391e-24 1.15067e-25 5.96642e-27 9.375e-07 0.000150281 0.00717099 0.116378 0.659891 1.29595 0.67945 0.195471 0.038741 0.00594552 0.000759202 8.45847e-05
3.87565e-23 0 3.4861e-25 3.36349e-26 1.70469e-27 4.6875e-08 9.20391e-06 0.000595766 0.015238 0.158051 0.67945 1.17069 0.684568 0.227816 0.052622 0.00938077 0.00137967
9.74218e-24 0 8.41856e-26 8.06451e-27 3.93391e-28 2.34375e-09 5.44688e-07 4.46951e-05 0.00159976 0.0260217 0.195471 0.684568 1.07296 0.681001 0.255099 0.0670097 0.0135931
1.88887e-24 0 1.52349e-26 1.44839e-27 6.55651e-29 1.17188e-10 3.1459e-08 3.13239e-06 0.000145716 0.00335231 0.038741 0.227816 0.681001 0.994922 0.672341 0.277728 0.0813978
2.46459e-25 0 1.71065e-27 1.60933e-28 5.96046e-30 5.85938e-12 1.78418e-09 2.09116e-07 1.20385e-05 0.000364935 0.00594552 0.052622 0.255099 0.672341 0.931272 0.660823 0.296261
1.61946e-26 0 6.55651e-29 5.96046e-30 0 2.92969e-13 9.97705e-11 1.34614e-08 9.26599e-07 3.52201e-05 0.000759202 0.00938077 0.0670097 0.277728 0.660823 0.878334 0.647838
3.93391e-28 0 0 0 0 1.46484e-14 5.5166e-12 8.42385e-10 6.7602e-08 3.10826e-06 8.45847e-05 0.00137967 0.0135931 0.0813978 0.296261 0.647838 0.833533

 Prima:
4.0524e-17 0 4.18863e-19 2.38129e-19 1.33924e-19 7.23678e-20 3.73791e-20 1.83276e-20 8.45689e-21 3.63177e-21 1.43054e-21 5.06772e-22 1.57067e-22 4.09046e-23 8.40721e-24 1.22912e-24 1.07163e-25
0 0 0 0 0 0 0 0 0 0 0 0 0 0 0 0 0
4.18863e-19 0 0 3.35732e-21 1.8575e-21 9.95225e-22 5.09367e-22 2.47303e-22 1.1288e-22 4.78803e-23 1.85858e-23 6.46477e-24 1.95526e-24 4.91318e-25 9.5205e-26 1.24085e-26 8.13007e-28
2.38129e-19 0 3.35732e-21 3.7552e-23 3.10437e-22 1.83281e-22 9.31381e-23 4.49025e-23 2.03562e-23 8.57789e-24 3.30872e-24 1.14393e-24 3.43974e-25 8.59439e-26 1.65552e-26 2.14159e-27 1.38283e-28
1.33924e-19 0 1.8575e-21 3.10437e-22 4.1131e-23 2.51762e-23 1.43348e-23 6.91117e-24 3.10974e-24 1.30013e-24 4.97216e-25 1.70233e-25 5.05802e-26 1.24347e-26 2.33501e-27 2.87294e-28 1.60933e-29
7.23678e-20 0 9.95225e-22 1.83281e-22 2.51762e-23 3 0.15 0.0075 0.000375 1.875e-05 9.375e-07 4.6875e-08 2.34375e-09 1.17188e-10 5.85938e-12 2.92969e-13 1.46484e-14
3.73791e-20 0 5.09367e-22 9.31381e-23 1.43348e-23 0.15 2.415 0.391125 0.033075 0.00232969 0.000150281 9.20391e-06 5.44688e-07 3.1459e-08 1.78418e-09 9.97705e-11 5.5166e-12
1.83276e-20 0 2.47303e-22 4.49025e-23 6.91117e-24 0.0075 0.391125 1.98611 0.534984 0.0729007 0.00717099 0.000595766 4.46951e-05 3.13239e-06 2.09116e-07 1.34614e-08 8.42385e-10
8.45689e-21 0 1.1288e-22 2.03562e-23 3.10974e-24 0.000375 0.033075 0.534984 1.6815 0.616667 0.116378 0.015238 0.00159976 0.000145716 1.20385e-05 9.26599e-07 6.7602e-08
3.63177e-21 0 4.78803e-23 8.57789e-24 1.30013e-24 1.875e-05 0.00232969 0.0729007 0.616667 1.46037 0.659891 0.158051 0.0260217 0.00335231 0.000364935 3.52201e-05 3.10826e-06
1.43054e-21 0 1.85858e-23 3.30872e-24 4.97216e-25 9.375e-07 0.000150281 0.00717099 0.116378 0.659891 1.29595 0.67945 0.195471 0.038741 0.00594552 0.000759202 8.45847e-05
5.06772e-22 0 6.46477e-24 1.14393e-24 1.70233e-25 4.6875e-08 9.20391e-06 0.000595766 0.015238 0.158051 0.67945 1.17069 0.684568 0.227816 0.052622 0.00938077 0.00137967
1.57067e-22 0 1.95526e-24 3.43974e-25 5.05802e-26 2.34375e-09 5.44688e-07 4.46951e-05 0.00159976 0.0260217 0.195471 0.684568 1.07296 0.681001 0.255099 0.0670097 0.0135931
4.09046e-23 0 4.91318e-25 8.59439e-26 1.24347e-26 1.17188e-10 3.1459e-08 3.13239e-06 0.000145716 0.00335231 0.038741 0.227816 0.681001 0.994922 0.672341 0.277728 0.0813978
8.40721e-24 0 9.5205e-26 1.65552e-26 2.33501e-27 5.85938e-12 1.78418e-09 2.09116e-07 1.20385e-05 0.000364935 0.00594552 0.052622 0.255099 0.672341 0.931272 0.660823 0.296261
