0.00 4.64 4.64 4.64 4.63 4.61 4.57 4.52 4.46 4.40 4.34 4.28 4.23 4.18 4.13 4.09 4.05 4.02 3.98 3.95 3.93 3.90 3.88 3.86 3.85 3.83 3.82 3.81 3.81 3.80 3.80 0.00
4.64 4.64 4.64 4.64 4.63 4.61 4.57 4.52 4.46 4.40 4.34 4.28 4.23 4.18 4.13 4.09 4.05 4.02 3.98 3.95 3.93 3.90 3.88 3.86 3.85 3.83 3.82 3.81 3.81 3.80 3.80 3.80
4.64 4.64 4.65 4.65 4.64 4.63 4.58 4.53 4.46 4.40 4.34 4.28 4.23 4.18 4.13 4.09 4.05 4.01 3.98 3.95 3.92 3.90 3.88 3.86 3.84 3.83 3.82 3.81 3.80 3.80 3.80 3.80
4.64 4.64 4.65 4.66 4.67 4.67 4.61 4.54 4.47 4.40 4.33 4.27 4.22 4.17 4.12 4.08 4.04 4.01 3.97 3.94 3.92 3.89 3.87 3.85 3.84 3.83 3.81 3.81 3.80 3.80 3.79 3.79
4.63 4.63 4.64 4.67 4.72 4.76 4.66 4.55 4.47 4.39 4.32 4.26 4.21 4.16 4.11 4.07 4.03 4.00 3.96 3.94 3.91 3.89 3.86 3.85 3.83 3.82 3.81 3.80 3.79 3.79 3.79 3.79
4.61 4.61 4.63 4.67 4.76 5.00 4.70 4.55 4.45 4.37 4.30 4.25 4.19 4.14 4.10 4.06 4.02 3.98 3.95 3.92 3.90 3.87 3.85 3.84 3.82 3.81 3.80 3.79 3.78 3.78 3.78 3.78
4.57 4.57 4.58 4.61 4.66 4.70 4.60 4.50 4.42 4.34 4.28 4.22 4.17 4.12 4.08 4.04 4.00 3.97 3.94 3.91 3.88 3.86 3.84 3.82 3.81 3.80 3.79 3.78 3.77 3.77 3.77 3.77
4.52 4.52 4.53 4.54 4.55 4.55 4.50 4.43 4.37 4.30 4.25 4.19 4.14 4.10 4.06 4.02 3.98 3.95 3.92 3.89 3.87 3.84 3.83 3.81 3.79 3.78 3.77 3.77 3.76 3.76 3.75 3.75
4.46 4.46 4.46 4.47 4.47 4.45 4.42 4.37 4.31 4.26 4.21 4.16 4.12 4.07 4.03 3.99 3.96 3.93 3.90 3.87 3.85 3.83 3.81 3.79 3.78 3.77 3.76 3.75 3.75 3.74 3.74 3.74
4.40 4.40 4.40 4.40 4.39 4.37 4.34 4.30 4.26 4.22 4.17 4.13 4.08 4.04 4.00 3.97 3.93 3.90 3.87 3.85 3.82 3.80 3.79 3.77 3.76 3.75 3.74 3.73 3.73 3.73 3.72 3.72
4.34 4.34 4.34 4.33 4.32 4.30 4.28 4.25 4.21 4.17 4.13 4.09 4.05 4.01 3.97 3.94 3.91 3.88 3.85 3.82 3.80 3.78 3.76 3.75 3.74 3.73 3.72 3.72 3.71 3.71 3.71 3.71
4.28 4.28 4.28 4.27 4.26 4.25 4.22 4.19 4.16 4.13 4.09 4.05 4.02 3.98 3.94 3.91 3.88 3.85 3.82 3.79 3.77 3.75 3.74 3.72 3.71 3.71 3.70 3.69 3.69 3.69 3.69 3.69
4.23 4.23 4.23 4.22 4.21 4.19 4.17 4.14 4.12 4.08 4.05 4.02 3.98 3.95 3.91 3.88 3.84 3.81 3.79 3.76 3.74 3.72 3.71 3.70 3.69 3.68 3.68 3.67 3.67 3.67 3.67 3.67
4.18 4.18 4.18 4.17 4.16 4.14 4.12 4.10 4.07 4.04 4.01 3.98 3.95 3.91 3.88 3.84 3.81 3.78 3.75 3.73 3.70 3.69 3.68 3.67 3.66 3.66 3.65 3.65 3.65 3.65 3.65 3.65
4.13 4.13 4.13 4.12 4.11 4.10 4.08 4.06 4.03 4.00 3.97 3.94 3.91 3.88 3.84 3.81 3.77 3.74 3.71 3.69 3.67 3.65 3.64 3.63 3.63 3.63 3.63 3.63 3.63 3.63 3.63 3.63
4.09 4.09 4.09 4.08 4.07 4.06 4.04 4.02 3.99 3.97 3.94 3.91 3.88 3.84 3.81 3.77 3.74 3.70 3.67 3.64 3.62 3.61 3.60 3.60 3.60 3.60 3.60 3.60 3.61 3.61 3.61 3.61
4.05 4.05 4.05 4.04 4.03 4.02 4.00 3.98 3.96 3.93 3.91 3.88 3.84 3.81 3.77 3.74 3.70 3.66 3.62 3.59 3.57 3.56 3.56 3.56 3.56 3.57 3.58 3.58 3.58 3.59 3.59 3.59
4.02 4.02 4.01 4.01 4.00 3.98 3.97 3.95 3.93 3.90 3.88 3.85 3.81 3.78 3.74 3.70 3.66 3.62 3.57 3.53 3.50 3.50 3.51 3.52 3.53 3.54 3.55 3.56 3.56 3.57 3.57 3.57
3.98 3.98 3.98 3.97 3.96 3.95 3.94 3.92 3.90 3.87 3.85 3.82 3.79 3.75 3.71 3.67 3.62 3.57 3.52 3.46 3.42 3.43 3.45 3.48 3.50 3.52 3.53 3.54 3.54 3.55 3.55 3.55
3.95 3.95 3.95 3.94 3.94 3.92 3.91 3.89 3.87 3.85 3.82 3.79 3.76 3.73 3.69 3.64 3.59 3.53 3.46 3.37 3.28 3.34 3.40 3.44 3.47 3.49 3.51 3.52 3.53 3.53 3.54 3.54
3.93 3.93 3.92 3.92 3.91 3.90 3.88 3.87 3.85 3.82 3.80 3.77 3.74 3.70 3.67 3.62 3.57 3.50 3.42 3.28 3.00 3.25 3.36 3.42 3.45 3.48 3.49 3.51 3.51 3.52 3.52 3.52
3.90 3.90 3.90 3.89 3.89 3.87 3.86 3.84 3.83 3.80 3.78 3.75 3.72 3.69 3.65 3.61 3.56 3.50 3.43 3.34 3.25 3.31 3.37 3.42 3.45 3.47 3.48 3.50 3.50 3.51 3.51 3.51
3.88 3.88 3.88 3.87 3.86 3.85 3.84 3.83 3.81 3.79 3.76 3.74 3.71 3.68 3.64 3.60 3.56 3.51 3.45 3.40 3.36 3.37 3.40 3.43 3.45 3.47 3.48 3.49 3.50 3.50 3.50 3.50
3.86 3.86 3.86 3.85 3.85 3.84 3.82 3.81 3.79 3.77 3.75 3.72 3.70 3.67 3.63 3.60 3.56 3.52 3.48 3.44 3.42 3.42 3.43 3.44 3.45 3.47 3.48 3.49 3.49 3.50 3.50 3.50
3.85 3.85 3.84 3.84 3.83 3.82 3.81 3.79 3.78 3.76 3.74 3.71 3.69 3.66 3.63 3.60 3.56 3.53 3.50 3.47 3.45 3.45 3.45 3.45 3.46 3.47 3.48 3.48 3.49 3.49 3.49 3.49
3.83 3.83 3.83 3.83 3.82 3.81 3.80 3.78 3.77 3.75 3.73 3.71 3.68 3.66 3.63 3.60 3.57 3.54 3.52 3.49 3.48 3.47 3.47 3.47 3.47 3.48 3.48 3.48 3.49 3.49 3.49 3.49
3.82 3.82 3.82 3.81 3.81 3.80 3.79 3.77 3.76 3.74 3.72 3.70 3.68 3.65 3.63 3.60 3.58 3.55 3.53 3.51 3.49 3.48 3.48 3.48 3.48 3.48 3.48 3.48 3.49 3.49 3.49 3.49
3.81 3.81 3.81 3.81 3.80 3.79 3.78 3.77 3.75 3.73 3.72 3.69 3.67 3.65 3.63 3.60 3.58 3.56 3.54 3.52 3.51 3.50 3.49 3.49 3.48 3.48 3.48 3.49 3.49 3.49 3.49 3.49
3.81 3.81 3.80 3.80 3.79 3.78 3.77 3.76 3.75 3.73 3.71 3.69 3.67 3.65 3.63 3.61 3.58 3.56 3.54 3.53 3.51 3.50 3.50 3.49 3.49 3.49 3.49 3.49 3.49 3.49 3.49 3.49
3.80 3.80 3.80 3.80 3.79 3.78 3.77 3.76 3.74 3.73 3.71 3.69 3.67 3.65 3.63 3.61 3.59 3.57 3.55 3.53 3.52 3.51 3.50 3.50 3.49 3.49 3.49 3.49 3.49 3.49 3.49 3.49
3.80 3.80 3.80 3.79 3.79 3.78 3.77 3.75 3.74 3.72 3.71 3.69 3.67 3.65 3.63 3.61 3.59 3.57 3.55 3.54 3.52 3.51 3.50 3.50 3.49 3.49 3.49 3.49 3.49 3.49 3.49 3.49
0.00 3.80 3.80 3.79 3.79 3.78 3.77 3.75 3.74 3.72 3.71 3.69 3.67 3.65 3.63 3.61 3.59 3.57 3.55 3.54 3.52 3.51 3.50 3.50 3.49 3.49 3.49 3.49 3.49 3.49 3.49 0.00
